{
  "world_view_transform": [
    [
      [
        0.9999400973320007,
        -0.004128432832658291,
        -0.010136649012565613,
        0.0
      ],
      [
        0.010220956057310104,
        0.020939556881785393,
        0.9997285008430481,
        0.0
      ],
      [
        -0.003915055189281702,
        -0.9997721910476685,
        0.02098049782216549,
        0.0
      ],
      [
        0.2677440047264099,
        -2.0419890880584717,
        3.5,
        1.0
      ]
    ],
    [
      [
        0.9999400973320007,
        -0.004128432832658291,
        -0.010136649012565613,
        0.0
      ],
      [
        0.010220956057310104,
        0.020939556881785393,
        0.9997285008430481,
        0.0
      ],
      [
        -0.003915055189281702,
        -0.9997721910476685,
        0.02098049782216549,
        0.0
      ],
      [
        0.46774399280548096,
        -3.2462410926818848,
        3.5,
        1.0
      ]
    ],
    [
      [
        0.9999400973320007,
        -0.003915055189281702,
        0.010220956057310104,
        0.0
      ],
      [
        -0.010136649012565613,
        0.02098049782216549,
        0.9997285008430481,
        0.0
      ],
      [
        -0.004128432832658291,
        -0.9997721910476685,
        0.020939556881785393,
        0.0
      ],
      [
        -0.252236008644104,
        -0.2777409851551056,
        3.5,
        1.0
      ]
    ],
    [
      [
        0.9990766048431396,
        0.042908426374197006,
        -0.0021917764097452164,
        0.0
      ],
      [
        0.0016748501220718026,
        0.012079444713890553,
        0.9999256134033203,
        0.0
      ],
      [
        0.04293171316385269,
        -0.9990059733390808,
        0.01199642475694418,
        0.0
      ],
      [
        10.760333061218262,
        18.537717819213867,
        3.5,
        1.0
      ]
    ],
    [
      [
        0.9990766048431396,
        0.042908426374197006,
        -0.0021917764097452164,
        0.0
      ],
      [
        0.0016748501220718026,
        0.012079444713890553,
        0.9999256134033203,
        0.0
      ],
      [
        0.04293171316385269,
        -0.9990059733390808,
        0.01199642475694418,
        0.0
      ],
      [
        10.586333274841309,
        18.637718200683594,
        3.5,
        1.0
      ]
    ],
    [
      [
        0.9990766048431396,
        0.042908426374197006,
        -0.0021917764097452164,
        0.0
      ],
      [
        0.0016748501220718026,
        0.012079444713890553,
        0.9999256134033203,
        0.0
      ],
      [
        0.04293171316385269,
        -0.9990059733390808,
        0.01199642475694418,
        0.0
      ],
      [
        10.453332901000977,
        18.837717056274414,
        3.5,
        1.0
      ]
    ],
    [
      [
        0.9990766048431396,
        0.042908426374197006,
        -0.0021917764097452164,
        0.0
      ],
      [
        0.0016748501220718026,
        0.012079444713890553,
        0.9999256134033203,
        0.0
      ],
      [
        0.04293171316385269,
        -0.9990059733390808,
        0.01199642475694418,
        0.0
      ],
      [
        10.195603370666504,
        18.951793670654297,
        3.5,
        1.0
      ]
    ],
    [
      [
        0.9990766048431396,
        0.042908426374197006,
        -0.0021917764097452164,
        0.0
      ],
      [
        0.0016748501220718026,
        0.012079444713890553,
        0.9999256134033203,
        0.0
      ],
      [
        0.04293171316385269,
        -0.9990059733390808,
        0.01199642475694418,
        0.0
      ],
      [
        10.153602600097656,
        19.022092819213867,
        3.5,
        1.0
      ]
    ],
    [
      [
        0.9990766048431396,
        0.042908426374197006,
        -0.0021917764097452164,
        0.0
      ],
      [
        0.0016748501220718026,
        0.012079444713890553,
        0.9999256134033203,
        0.0
      ],
      [
        0.04293171316385269,
        -0.9990059733390808,
        0.01199642475694418,
        0.0
      ],
      [
        10.075146675109863,
        19.205860137939453,
        3.5,
        1.0
      ]
    ],
    [
      [
        0.9990766048431396,
        0.042908426374197006,
        -0.0021917764097452164,
        0.0
      ],
      [
        0.0016748501220718026,
        0.012079444713890553,
        0.9999256134033203,
        0.0
      ],
      [
        0.04293171316385269,
        -0.9990059733390808,
        0.01199642475694418,
        0.0
      ],
      [
        10.002903938293457,
        19.23771858215332,
        3.5,
        1.0
      ]
    ],
    [
      [
        0.9990766048431396,
        0.042908426374197006,
        -0.0021917764097452164,
        0.0
      ],
      [
        0.0016748501220718026,
        0.012079444713890553,
        0.9999256134033203,
        0.0
      ],
      [
        0.04293171316385269,
        -0.9990059733390808,
        0.01199642475694418,
        0.0
      ],
      [
        9.84363079071045,
        19.374515533447266,
        3.5,
        1.0
      ]
    ],
    [
      [
        0.9990766048431396,
        0.042908426374197006,
        -0.0021917764097452164,
        0.0
      ],
      [
        0.0016748501220718026,
        0.012079444713890553,
        0.9999256134033203,
        0.0
      ],
      [
        0.04293171316385269,
        -0.9990059733390808,
        0.01199642475694418,
        0.0
      ],
      [
        9.788052558898926,
        19.44247817993164,
        3.5,
        1.0
      ]
    ],
    [
      [
        0.9990766048431396,
        0.042908426374197006,
        -0.0021917764097452164,
        0.0
      ],
      [
        0.0016748501220718026,
        0.012079444713890553,
        0.9999256134033203,
        0.0
      ],
      [
        0.04293171316385269,
        -0.9990059733390808,
        0.01199642475694418,
        0.0
      ],
      [
        9.780723571777344,
        19.50147819519043,
        3.5,
        1.0
      ]
    ],
    [
      [
        0.9990766048431396,
        0.042908426374197006,
        -0.0021917764097452164,
        0.0
      ],
      [
        0.0016748501220718026,
        0.012079444713890553,
        0.9999256134033203,
        0.0
      ],
      [
        0.04293171316385269,
        -0.9990059733390808,
        0.01199642475694418,
        0.0
      ],
      [
        9.713605880737305,
        19.54149055480957,
        3.5,
        1.0
      ]
    ],
    [
      [
        0.9990766048431396,
        0.042908426374197006,
        -0.0021917764097452164,
        0.0
      ],
      [
        0.0016748501220718026,
        0.012079444713890553,
        0.9999256134033203,
        0.0
      ],
      [
        0.04293171316385269,
        -0.9990059733390808,
        0.01199642475694418,
        0.0
      ],
      [
        9.573676109313965,
        19.64703941345215,
        3.5,
        1.0
      ]
    ],
    [
      [
        0.9990766048431396,
        0.042908426374197006,
        -0.0021917764097452164,
        0.0
      ],
      [
        0.0016748501220718026,
        0.012079444713890553,
        0.9999256134033203,
        0.0
      ],
      [
        0.04293171316385269,
        -0.9990059733390808,
        0.01199642475694418,
        0.0
      ],
      [
        9.498052597045898,
        19.71246337890625,
        3.5,
        1.0
      ]
    ],
    [
      [
        0.9990766048431396,
        0.042908426374197006,
        -0.0021917764097452164,
        0.0
      ],
      [
        0.0016748501220718026,
        0.012079444713890553,
        0.9999256134033203,
        0.0
      ],
      [
        0.04293171316385269,
        -0.9990059733390808,
        0.01199642475694418,
        0.0
      ],
      [
        9.441603660583496,
        19.738849639892578,
        3.5,
        1.0
      ]
    ],
    [
      [
        0.9990766048431396,
        0.042908426374197006,
        -0.0021917764097452164,
        0.0
      ],
      [
        0.0016748501220718026,
        0.012079444713890553,
        0.9999256134033203,
        0.0
      ],
      [
        0.04293171316385269,
        -0.9990059733390808,
        0.01199642475694418,
        0.0
      ],
      [
        9.403353691101074,
        19.805967330932617,
        3.5,
        1.0
      ]
    ],
    [
      [
        0.9990766048431396,
        0.042908426374197006,
        -0.0021917764097452164,
        0.0
      ],
      [
        0.0016748501220718026,
        0.012079444713890553,
        0.9999256134033203,
        0.0
      ],
      [
        0.04293171316385269,
        -0.9990059733390808,
        0.01199642475694418,
        0.0
      ],
      [
        9.305144309997559,
        19.912246704101562,
        3.5,
        1.0
      ]
    ],
    [
      [
        0.9990766048431396,
        0.042908426374197006,
        -0.0021917764097452164,
        0.0
      ],
      [
        0.0016748501220718026,
        0.012079444713890553,
        0.9999256134033203,
        0.0
      ],
      [
        0.04293171316385269,
        -0.9990059733390808,
        0.01199642475694418,
        0.0
      ],
      [
        9.274664878845215,
        19.939950942993164,
        3.5,
        1.0
      ]
    ],
    [
      [
        0.9990766048431396,
        0.042908426374197006,
        -0.0021917764097452164,
        0.0
      ],
      [
        0.0016748501220718026,
        0.012079444713890553,
        0.9999256134033203,
        0.0
      ],
      [
        0.04293171316385269,
        -0.9990059733390808,
        0.01199642475694418,
        0.0
      ],
      [
        9.201135635375977,
        20.101478576660156,
        3.5,
        1.0
      ]
    ],
    [
      [
        0.9990766048431396,
        0.042908426374197006,
        -0.0021917764097452164,
        0.0
      ],
      [
        0.0016748501220718026,
        0.012079444713890553,
        0.9999256134033203,
        0.0
      ],
      [
        0.04293171316385269,
        -0.9990059733390808,
        0.01199642475694418,
        0.0
      ],
      [
        9.16113567352295,
        20.18147850036621,
        3.5,
        1.0
      ]
    ],
    [
      [
        0.9990766048431396,
        0.042908426374197006,
        -0.0021917764097452164,
        0.0
      ],
      [
        0.0016748501220718026,
        0.012079444713890553,
        0.9999256134033203,
        0.0
      ],
      [
        0.04293171316385269,
        -0.9990059733390808,
        0.01199642475694418,
        0.0
      ],
      [
        9.080583572387695,
        20.34305191040039,
        3.5,
        1.0
      ]
    ],
    [
      [
        0.9990766048431396,
        0.042908426374197006,
        -0.0021917764097452164,
        0.0
      ],
      [
        0.0016748501220718026,
        0.012079444713890553,
        0.9999256134033203,
        0.0
      ],
      [
        0.04293171316385269,
        -0.9990059733390808,
        0.01199642475694418,
        0.0
      ],
      [
        8.937234878540039,
        20.480382919311523,
        3.5,
        1.0
      ]
    ],
    [
      [
        0.9990766048431396,
        0.042908426374197006,
        -0.0021917764097452164,
        0.0
      ],
      [
        0.0016748501220718026,
        0.012079444713890553,
        0.9999256134033203,
        0.0
      ],
      [
        0.04293171316385269,
        -0.9990059733390808,
        0.01199642475694418,
        0.0
      ],
      [
        8.874579429626465,
        20.590377807617188,
        3.5,
        1.0
      ]
    ],
    [
      [
        0.9990766048431396,
        0.042908426374197006,
        -0.0021917764097452164,
        0.0
      ],
      [
        0.0016748501220718026,
        0.012079444713890553,
        0.9999256134033203,
        0.0
      ],
      [
        0.04293171316385269,
        -0.9990059733390808,
        0.01199642475694418,
        0.0
      ],
      [
        8.768145561218262,
        20.69586181640625,
        3.5,
        1.0
      ]
    ],
    [
      [
        0.9990766048431396,
        0.042908426374197006,
        -0.0021917764097452164,
        0.0
      ],
      [
        0.0016748501220718026,
        0.012079444713890553,
        0.9999256134033203,
        0.0
      ],
      [
        0.04293171316385269,
        -0.9990059733390808,
        0.01199642475694418,
        0.0
      ],
      [
        8.538092613220215,
        20.84505271911621,
        3.5,
        1.0
      ]
    ],
    [
      [
        0.9990766048431396,
        0.042908426374197006,
        -0.0021917764097452164,
        0.0
      ],
      [
        0.0016748501220718026,
        0.012079444713890553,
        0.9999256134033203,
        0.0
      ],
      [
        0.04293171316385269,
        -0.9990059733390808,
        0.01199642475694418,
        0.0
      ],
      [
        8.404696464538574,
        20.95199966430664,
        3.5,
        1.0
      ]
    ],
    [
      [
        0.9990766048431396,
        0.042908426374197006,
        -0.0021917764097452164,
        0.0
      ],
      [
        0.0016748501220718026,
        0.012079444713890553,
        0.9999256134033203,
        0.0
      ],
      [
        0.04293171316385269,
        -0.9990059733390808,
        0.01199642475694418,
        0.0
      ],
      [
        8.303685188293457,
        21.8957576751709,
        3.5,
        1.0
      ]
    ],
    [
      [
        0.9990766048431396,
        0.042908426374197006,
        -0.0021917764097452164,
        0.0
      ],
      [
        0.0016748501220718026,
        0.012079444713890553,
        0.9999256134033203,
        0.0
      ],
      [
        0.04293171316385269,
        -0.9990059733390808,
        0.01199642475694418,
        0.0
      ],
      [
        8.258246421813965,
        22.005859375,
        3.5,
        1.0
      ]
    ],
    [
      [
        0.9990766048431396,
        0.042908426374197006,
        -0.0021917764097452164,
        0.0
      ],
      [
        0.0016748501220718026,
        0.012079444713890553,
        0.9999256134033203,
        0.0
      ],
      [
        0.04293171316385269,
        -0.9990059733390808,
        0.01199642475694418,
        0.0
      ],
      [
        8.053705215454102,
        22.939498901367188,
        3.5,
        1.0
      ]
    ],
    [
      [
        0.9990766048431396,
        0.042908426374197006,
        -0.0021917764097452164,
        0.0
      ],
      [
        0.0016748501220718026,
        0.012079444713890553,
        0.9999256134033203,
        0.0
      ],
      [
        0.04293171316385269,
        -0.9990059733390808,
        0.01199642475694418,
        0.0
      ],
      [
        7.963675022125244,
        23.15266990661621,
        3.5,
        1.0
      ]
    ]
  ],
  "c2w": [
    [
      [
        0.9999400973320007,
        -0.004128433298319578,
        -0.010136648081243038,
        -0.24067991971969604
      ],
      [
        0.010220956988632679,
        0.020939556881785393,
        0.9997285008430481,
        -3.4590280055999756
      ],
      [
        -0.003915055189281702,
        -0.9997722506523132,
        0.02098049968481064,
        -2.1139075756073
      ],
      [
        0.0,
        0.0,
        0.0,
        1.0
      ]
    ],
    [
      [
        0.9999400973320007,
        -0.004128433298319578,
        -0.010136648081243038,
        -0.44563961029052734
      ],
      [
        0.010220956988632679,
        0.020939556881785393,
        0.9997285008430481,
        -3.4358556270599365
      ],
      [
        -0.003915055189281702,
        -0.9997722506523132,
        0.02098049968481064,
        -3.3171021938323975
      ],
      [
        0.0,
        0.0,
        0.0,
        1.0
      ]
    ],
    [
      [
        0.9999400973320007,
        -0.003915055189281702,
        0.010220956988632679,
        0.21536017954349518
      ],
      [
        -0.010136648081243038,
        0.02098049968481064,
        0.9997285008430481,
        -3.495779514312744
      ],
      [
        -0.004128433298319578,
        -0.9997722506523132,
        0.020939556881785393,
        -0.35200750827789307
      ],
      [
        0.0,
        0.0,
        0.0,
        1.0
      ]
    ],
    [
      [
        0.9990766048431396,
        0.042908430099487305,
        -0.00219177664257586,
        -11.5381498336792
      ],
      [
        0.0016748501220718026,
        0.012079444713890553,
        0.9999256730079651,
        -3.741687059402466
      ],
      [
        0.04293171316385269,
        -0.9990059733390808,
        0.011996425688266754,
        18.015344619750977
      ],
      [
        0.0,
        0.0,
        0.0,
        1.0
      ]
    ],
    [
      [
        0.9990766048431396,
        0.042908430099487305,
        -0.00219177664257586,
        -11.36860179901123
      ],
      [
        0.0016748501220718026,
        0.012079444713890553,
        0.9999256730079651,
        -3.7426035404205322
      ],
      [
        0.04293171316385269,
        -0.9990059733390808,
        0.011996425688266754,
        18.12271499633789
      ],
      [
        0.0,
        0.0,
        0.0,
        1.0
      ]
    ],
    [
      [
        0.9990766048431396,
        0.042908430099487305,
        -0.00219177664257586,
        -11.244305610656738
      ],
      [
        0.0016748501220718026,
        0.012079444713890553,
        0.9999256730079651,
        -3.7447967529296875
      ],
      [
        0.04293171316385269,
        -0.9990059733390808,
        0.011996425688266754,
        18.32822608947754
      ],
      [
        0.0,
        0.0,
        0.0,
        1.0
      ]
    ],
    [
      [
        0.9990766048431396,
        0.042908430099487305,
        -0.00219177664257586,
        -10.99170970916748
      ],
      [
        0.0016748501220718026,
        0.012079444713890553,
        0.9999256730079651,
        -3.7457430362701416
      ],
      [
        0.04293171316385269,
        -0.9990059733390808,
        0.011996425688266754,
        18.4532527923584
      ],
      [
        0.0,
        0.0,
        0.0,
        1.0
      ]
    ],
    [
      [
        0.9990766048431396,
        0.042908430099487305,
        -0.00219177664257586,
        -10.952763557434082
      ],
      [
        0.0016748501220718026,
        0.012079444713890553,
        0.9999256730079651,
        -3.7465219497680664
      ],
      [
        0.04293171316385269,
        -0.9990059733390808,
        0.011996425688266754,
        18.525285720825195
      ],
      [
        0.0,
        0.0,
        0.0,
        1.0
      ]
    ],
    [
      [
        0.9990766048431396,
        0.042908430099487305,
        -0.00219177664257586,
        -10.882265090942383
      ],
      [
        0.0016748501220718026,
        0.012079444713890553,
        0.9999256730079651,
        -3.748610258102417
      ],
      [
        0.04293171316385269,
        -0.9990059733390808,
        0.011996425688266754,
        18.712238311767578
      ],
      [
        0.0,
        0.0,
        0.0,
        1.0
      ]
    ],
    [
      [
        0.9990766048431396,
        0.042908430099487305,
        -0.00219177664257586,
        -10.811456680297852
      ],
      [
        0.0016748501220718026,
        0.012079444713890553,
        0.9999256730079651,
        -3.7488741874694824
      ],
      [
        0.04293171316385269,
        -0.9990059733390808,
        0.011996425688266754,
        18.747167587280273
      ],
      [
        0.0,
        0.0,
        0.0,
        1.0
      ]
    ],
    [
      [
        0.9990766048431396,
        0.042908430099487305,
        -0.00219177664257586,
        -10.65820026397705
      ],
      [
        0.0016748501220718026,
        0.012079444713890553,
        0.9999256730079651,
        -3.7502598762512207
      ],
      [
        0.04293171316385269,
        -0.9990059733390808,
        0.011996425688266754,
        18.89066505432129
      ],
      [
        0.0,
        0.0,
        0.0,
        1.0
      ]
    ],
    [
      [
        0.9990766048431396,
        0.042908430099487305,
        -0.00219177664257586,
        -10.605588912963867
      ],
      [
        0.0016748501220718026,
        0.012079444713890553,
        0.9999256730079651,
        -3.7509877681732178
      ],
      [
        0.04293171316385269,
        -0.9990059733390808,
        0.011996425688266754,
        18.960947036743164
      ],
      [
        0.0,
        0.0,
        0.0,
        1.0
      ]
    ],
    [
      [
        0.9990766048431396,
        0.042908430099487305,
        -0.00219177664257586,
        -10.600798606872559
      ],
      [
        0.0016748501220718026,
        0.012079444713890553,
        0.9999256730079651,
        -3.751688003540039
      ],
      [
        0.04293171316385269,
        -0.9990059733390808,
        0.011996425688266754,
        19.02020263671875
      ],
      [
        0.0,
        0.0,
        0.0,
        1.0
      ]
    ],
    [
      [
        0.9990766048431396,
        0.042908430099487305,
        -0.00219177664257586,
        -10.535459518432617
      ],
      [
        0.0016748501220718026,
        0.012079444713890553,
        0.9999256730079651,
        -3.752058982849121
      ],
      [
        0.04293171316385269,
        -0.9990059733390808,
        0.011996425688266754,
        19.06305694580078
      ],
      [
        0.0,
        0.0,
        0.0,
        1.0
      ]
    ],
    [
      [
        0.9990766048431396,
        0.042908430099487305,
        -0.00219177664257586,
        -10.400188446044922
      ],
      [
        0.0016748501220718026,
        0.012079444713890553,
        0.9999256730079651,
        -3.7530996799468994
      ],
      [
        0.04293171316385269,
        -0.9990059733390808,
        0.011996425688266754,
        19.174509048461914
      ],
      [
        0.0,
        0.0,
        0.0,
        1.0
      ]
    ],
    [
      [
        0.9990766048431396,
        0.042908430099487305,
        -0.00219177664257586,
        -10.327442169189453
      ],
      [
        0.0016748501220718026,
        0.012079444713890553,
        0.9999256730079651,
        -3.753763198852539
      ],
      [
        0.04293171316385269,
        -0.9990059733390808,
        0.011996425688266754,
        19.243114471435547
      ],
      [
        0.0,
        0.0,
        0.0,
        1.0
      ]
    ],
    [
      [
        0.9990766048431396,
        0.042908430099487305,
        -0.00219177664257586,
        -10.272176742553711
      ],
      [
        0.0016748501220718026,
        0.012079444713890553,
        0.9999256730079651,
        -3.7539873123168945
      ],
      [
        0.04293171316385269,
        -0.9990059733390808,
        0.011996425688266754,
        19.27189826965332
      ],
      [
        0.0,
        0.0,
        0.0,
        1.0
      ]
    ],
    [
      [
        0.9990766048431396,
        0.042908430099487305,
        -0.00219177664257586,
        -10.236842155456543
      ],
      [
        0.0016748501220718026,
        0.012079444713890553,
        0.9999256730079651,
        -3.7547340393066406
      ],
      [
        0.04293171316385269,
        -0.9990059733390808,
        0.011996425688266754,
        19.340591430664062
      ],
      [
        0.0,
        0.0,
        0.0,
        1.0
      ]
    ],
    [
      [
        0.9990766048431396,
        0.042908430099487305,
        -0.00219177664257586,
        -10.14328384399414
      ],
      [
        0.0016748501220718026,
        0.012079444713890553,
        0.9999256730079651,
        -3.7558534145355225
      ],
      [
        0.04293171316385269,
        -0.9990059733390808,
        0.011996425688266754,
        19.45098114013672
      ],
      [
        0.0,
        0.0,
        0.0,
        1.0
      ]
    ],
    [
      [
        0.9990766048431396,
        0.042908430099487305,
        -0.00219177664257586,
        -10.114021301269531
      ],
      [
        0.0016748501220718026,
        0.012079444713890553,
        0.9999256730079651,
        -3.7561371326446533
      ],
      [
        0.04293171316385269,
        -0.9990059733390808,
        0.011996425688266754,
        19.479965209960938
      ],
      [
        0.0,
        0.0,
        0.0,
        1.0
      ]
    ],
    [
      [
        0.9990766048431396,
        0.042908430099487305,
        -0.00219177664257586,
        -10.047491073608398
      ],
      [
        0.0016748501220718026,
        0.012079444713890553,
        0.9999256730079651,
        -3.757965087890625
      ],
      [
        0.04293171316385269,
        -0.9990059733390808,
        0.011996425688266754,
        19.644489288330078
      ],
      [
        0.0,
        0.0,
        0.0,
        1.0
      ]
    ],
    [
      [
        0.9990766048431396,
        0.042908430099487305,
        -0.00219177664257586,
        -10.010960578918457
      ],
      [
        0.0016748501220718026,
        0.012079444713890553,
        0.9999256730079651,
        -3.758864402770996
      ],
      [
        0.04293171316385269,
        -0.9990059733390808,
        0.011996425688266754,
        19.72612762451172
      ],
      [
        0.0,
        0.0,
        0.0,
        1.0
      ]
    ],
    [
      [
        0.9990766048431396,
        0.042908430099487305,
        -0.00219177664257586,
        -9.937416076660156
      ],
      [
        0.0016748501220718026,
        0.012079444713890553,
        0.9999256730079651,
        -3.76068115234375
      ],
      [
        0.04293171316385269,
        -0.9990059733390808,
        0.011996425688266754,
        19.89099884033203
      ],
      [
        0.0,
        0.0,
        0.0,
        1.0
      ]
    ],
    [
      [
        0.9990766048431396,
        0.042908430099487305,
        -0.00219177664257586,
        -9.800091743469238
      ],
      [
        0.0016748501220718026,
        0.012079444713890553,
        0.9999256730079651,
        -3.7620999813079834
      ],
      [
        0.04293171316385269,
        -0.9990059733390808,
        0.011996425688266754,
        20.034347534179688
      ],
      [
        0.0,
        0.0,
        0.0,
        1.0
      ]
    ],
    [
      [
        0.9990766048431396,
        0.042908430099487305,
        -0.00219177664257586,
        -9.74221420288086
      ],
      [
        0.0016748501220718026,
        0.012079444713890553,
        0.9999256730079651,
        -3.7633237838745117
      ],
      [
        0.04293171316385269,
        -0.9990059733390808,
        0.011996425688266754,
        20.146923065185547
      ],
      [
        0.0,
        0.0,
        0.0,
        1.0
      ]
    ],
    [
      [
        0.9990766048431396,
        0.042908430099487305,
        -0.00219177664257586,
        -9.64040470123291
      ],
      [
        0.0016748501220718026,
        0.012079444713890553,
        0.9999256730079651,
        -3.7644195556640625
      ],
      [
        0.04293171316385269,
        -0.9990059733390808,
        0.011996425688266754,
        20.25687026977539
      ],
      [
        0.0,
        0.0,
        0.0,
        1.0
      ]
    ],
    [
      [
        0.9990766048431396,
        0.042908430099487305,
        -0.00219177664257586,
        -9.41696548461914
      ],
      [
        0.0016748501220718026,
        0.012079444713890553,
        0.9999256730079651,
        -3.765836477279663
      ],
      [
        0.04293171316385269,
        -0.9990059733390808,
        0.011996425688266754,
        20.415790557861328
      ],
      [
        0.0,
        0.0,
        0.0,
        1.0
      ]
    ],
    [
      [
        0.9990766048431396,
        0.042908430099487305,
        -0.00219177664257586,
        -9.288281440734863
      ],
      [
        0.0016748501220718026,
        0.012079444713890553,
        0.9999256730079651,
        -3.766904830932617
      ],
      [
        0.04293171316385269,
        -0.9990059733390808,
        0.011996425688266754,
        20.528358459472656
      ],
      [
        0.0,
        0.0,
        0.0,
        1.0
      ]
    ],
    [
      [
        0.9990766048431396,
        0.042908430099487305,
        -0.00219177664257586,
        -9.227858543395996
      ],
      [
        0.0016748501220718026,
        0.012079444713890553,
        0.9999256730079651,
        -3.7781357765197754
      ],
      [
        0.04293171316385269,
        -0.9990059733390808,
        0.011996425688266754,
        21.475513458251953
      ],
      [
        0.0,
        0.0,
        0.0,
        1.0
      ]
    ],
    [
      [
        0.9990766048431396,
        0.042908430099487305,
        -0.00219177664257586,
        -9.187186241149902
      ],
      [
        0.0016748501220718026,
        0.012079444713890553,
        0.9999256730079651,
        -3.7793896198272705
      ],
      [
        0.04293171316385269,
        -0.9990059733390808,
        0.011996425688266754,
        21.58745765686035
      ],
      [
        0.0,
        0.0,
        0.0,
        1.0
      ]
    ],
    [
      [
        0.9990766048431396,
        0.042908430099487305,
        -0.00219177664257586,
        -9.022894859313965
      ],
      [
        0.0016748501220718026,
        0.012079444713890553,
        0.9999256730079651,
        -3.7903249263763428
      ],
      [
        0.04293171316385269,
        -0.9990059733390808,
        0.011996425688266754,
        22.528949737548828
      ],
      [
        0.0,
        0.0,
        0.0,
        1.0
      ]
    ],
    [
      [
        0.9990766048431396,
        0.042908430099487305,
        -0.00219177664257586,
        -8.942094802856445
      ],
      [
        0.0016748501220718026,
        0.012079444713890553,
        0.9999256730079651,
        -3.7927491664886475
      ],
      [
        0.04293171316385269,
        -0.9990059733390808,
        0.011996425688266754,
        22.74577522277832
      ],
      [
        0.0,
        0.0,
        0.0,
        1.0
      ]
    ]
  ],
  "full_proj_transform": [
    [
      [
        0.6365818381309509,
        -0.0026282428298145533,
        -0.010137663222849369,
        -0.010136649012565613
      ],
      [
        0.0065068649128079414,
        0.013330540619790554,
        0.9998285174369812,
        0.9997285008430481
      ],
      [
        -0.002492402447387576,
        -0.6364749670028687,
        0.020982597023248672,
        0.02098049782216549
      ],
      [
        0.17045117914676666,
        -1.299971103668213,
        3.490349054336548,
        3.5
      ]
    ],
    [
      [
        0.6365818381309509,
        -0.0026282428298145533,
        -0.010137663222849369,
        -0.010136649012565613
      ],
      [
        0.0065068649128079414,
        0.013330540619790554,
        0.9998285174369812,
        0.9997285008430481
      ],
      [
        -0.002492402447387576,
        -0.6364749670028687,
        0.020982597023248672,
        0.02098049782216549
      ],
      [
        0.29777517914772034,
        -2.066622018814087,
        3.490349054336548,
        3.5
      ]
    ],
    [
      [
        0.6365818381309509,
        -0.002492402447387576,
        0.010221978649497032,
        0.010220956057310104
      ],
      [
        -0.006453193258494139,
        0.013356604613363743,
        0.9998285174369812,
        0.9997285008430481
      ],
      [
        -0.0026282428298145533,
        -0.6364749670028687,
        0.02094165049493313,
        0.020939556881785393
      ],
      [
        -0.16057848930358887,
        -0.176815465092659,
        3.490349054336548,
        3.5
      ]
    ],
    [
      [
        0.6360321044921875,
        0.027316361665725708,
        -0.0021919957362115383,
        -0.0021917764097452164
      ],
      [
        0.0010662430431693792,
        0.007690015714615583,
        1.0000256299972534,
        0.9999256134033203
      ],
      [
        0.027331186458468437,
        -0.6359871625900269,
        0.011997624300420284,
        0.01199642475694418
      ],
      [
        6.850243091583252,
        11.801481246948242,
        3.490349054336548,
        3.5
      ]
    ],
    [
      [
        0.6360321044921875,
        0.027316361665725708,
        -0.0021919957362115383,
        -0.0021917764097452164
      ],
      [
        0.0010662430431693792,
        0.007690015714615583,
        1.0000256299972534,
        0.9999256134033203
      ],
      [
        0.027331186458468437,
        -0.6359871625900269,
        0.011997624300420284,
        0.01199642475694418
      ],
      [
        6.739471435546875,
        11.865143775939941,
        3.490349054336548,
        3.5
      ]
    ],
    [
      [
        0.6360321044921875,
        0.027316361665725708,
        -0.0021919957362115383,
        -0.0021917764097452164
      ],
      [
        0.0010662430431693792,
        0.007690015714615583,
        1.0000256299972534,
        0.9999256134033203
      ],
      [
        0.027331186458468437,
        -0.6359871625900269,
        0.011997624300420284,
        0.01199642475694418
      ],
      [
        6.6548004150390625,
        11.992466926574707,
        3.490349054336548,
        3.5
      ]
    ],
    [
      [
        0.6360321044921875,
        0.027316361665725708,
        -0.0021919957362115383,
        -0.0021917764097452164
      ],
      [
        0.0010662430431693792,
        0.007690015714615583,
        1.0000256299972534,
        0.9999256134033203
      ],
      [
        0.027331186458468437,
        -0.6359871625900269,
        0.011997624300420284,
        0.01199642475694418
      ],
      [
        6.490725040435791,
        12.06509017944336,
        3.490349054336548,
        3.5
      ]
    ],
    [
      [
        0.6360321044921875,
        0.027316361665725708,
        -0.0021919957362115383,
        -0.0021917764097452164
      ],
      [
        0.0010662430431693792,
        0.007690015714615583,
        1.0000256299972534,
        0.9999256134033203
      ],
      [
        0.027331186458468437,
        -0.6359871625900269,
        0.011997624300420284,
        0.01199642475694418
      ],
      [
        6.463986396789551,
        12.109844207763672,
        3.490349054336548,
        3.5
      ]
    ],
    [
      [
        0.6360321044921875,
        0.027316361665725708,
        -0.0021919957362115383,
        -0.0021917764097452164
      ],
      [
        0.0010662430431693792,
        0.007690015714615583,
        1.0000256299972534,
        0.9999256134033203
      ],
      [
        0.027331186458468437,
        -0.6359871625900269,
        0.011997624300420284,
        0.01199642475694418
      ],
      [
        6.414039611816406,
        12.226834297180176,
        3.490349054336548,
        3.5
      ]
    ],
    [
      [
        0.6360321044921875,
        0.027316361665725708,
        -0.0021919957362115383,
        -0.0021917764097452164
      ],
      [
        0.0010662430431693792,
        0.007690015714615583,
        1.0000256299972534,
        0.9999256134033203
      ],
      [
        0.027331186458468437,
        -0.6359871625900269,
        0.011997624300420284,
        0.01199642475694418
      ],
      [
        6.368048667907715,
        12.247116088867188,
        3.490349054336548,
        3.5
      ]
    ],
    [
      [
        0.6360321044921875,
        0.027316361665725708,
        -0.0021919957362115383,
        -0.0021917764097452164
      ],
      [
        0.0010662430431693792,
        0.007690015714615583,
        1.0000256299972534,
        0.9999256134033203
      ],
      [
        0.027331186458468437,
        -0.6359871625900269,
        0.011997624300420284,
        0.01199642475694418
      ],
      [
        6.2666521072387695,
        12.334203720092773,
        3.490349054336548,
        3.5
      ]
    ],
    [
      [
        0.6360321044921875,
        0.027316361665725708,
        -0.0021919957362115383,
        -0.0021917764097452164
      ],
      [
        0.0010662430431693792,
        0.007690015714615583,
        1.0000256299972534,
        0.9999256134033203
      ],
      [
        0.027331186458468437,
        -0.6359871625900269,
        0.011997624300420284,
        0.01199642475694418
      ],
      [
        6.231269836425781,
        12.377470016479492,
        3.490349054336548,
        3.5
      ]
    ],
    [
      [
        0.6360321044921875,
        0.027316361665725708,
        -0.0021919957362115383,
        -0.0021917764097452164
      ],
      [
        0.0010662430431693792,
        0.007690015714615583,
        1.0000256299972534,
        0.9999256134033203
      ],
      [
        0.027331186458468437,
        -0.6359871625900269,
        0.011997624300420284,
        0.01199642475694418
      ],
      [
        6.226603984832764,
        12.415030479431152,
        3.490349054336548,
        3.5
      ]
    ],
    [
      [
        0.6360321044921875,
        0.027316361665725708,
        -0.0021919957362115383,
        -0.0021917764097452164
      ],
      [
        0.0010662430431693792,
        0.007690015714615583,
        1.0000256299972534,
        0.9999256134033203
      ],
      [
        0.027331186458468437,
        -0.6359871625900269,
        0.011997624300420284,
        0.01199642475694418
      ],
      [
        6.183875560760498,
        12.440503120422363,
        3.490349054336548,
        3.5
      ]
    ],
    [
      [
        0.6360321044921875,
        0.027316361665725708,
        -0.0021919957362115383,
        -0.0021917764097452164
      ],
      [
        0.0010662430431693792,
        0.007690015714615583,
        1.0000256299972534,
        0.9999256134033203
      ],
      [
        0.027331186458468437,
        -0.6359871625900269,
        0.011997624300420284,
        0.01199642475694418
      ],
      [
        6.094793319702148,
        12.507698059082031,
        3.490349054336548,
        3.5
      ]
    ],
    [
      [
        0.6360321044921875,
        0.027316361665725708,
        -0.0021919957362115383,
        -0.0021917764097452164
      ],
      [
        0.0010662430431693792,
        0.007690015714615583,
        1.0000256299972534,
        0.9999256134033203
      ],
      [
        0.027331186458468437,
        -0.6359871625900269,
        0.011997624300420284,
        0.01199642475694418
      ],
      [
        6.046649932861328,
        12.549347877502441,
        3.490349054336548,
        3.5
      ]
    ],
    [
      [
        0.6360321044921875,
        0.027316361665725708,
        -0.0021919957362115383,
        -0.0021917764097452164
      ],
      [
        0.0010662430431693792,
        0.007690015714615583,
        1.0000256299972534,
        0.9999256134033203
      ],
      [
        0.027331186458468437,
        -0.6359871625900269,
        0.011997624300420284,
        0.01199642475694418
      ],
      [
        6.010713577270508,
        12.566145896911621,
        3.490349054336548,
        3.5
      ]
    ],
    [
      [
        0.6360321044921875,
        0.027316361665725708,
        -0.0021919957362115383,
        -0.0021917764097452164
      ],
      [
        0.0010662430431693792,
        0.007690015714615583,
        1.0000256299972534,
        0.9999256134033203
      ],
      [
        0.027331186458468437,
        -0.6359871625900269,
        0.011997624300420284,
        0.01199642475694418
      ],
      [
        5.986362934112549,
        12.608874320983887,
        3.490349054336548,
        3.5
      ]
    ],
    [
      [
        0.6360321044921875,
        0.027316361665725708,
        -0.0021919957362115383,
        -0.0021917764097452164
      ],
      [
        0.0010662430431693792,
        0.007690015714615583,
        1.0000256299972534,
        0.9999256134033203
      ],
      [
        0.027331186458468437,
