{
  "world_view_transform": [
    [
      [
        0.9999400973320007,
        -0.004128432832658291,
        -0.010136649012565613,
        0.0
      ],
      [
        0.010220956057310104,
        0.020939556881785393,
        0.9997285008430481,
        0.0
      ],
      [
        -0.003915055189281702,
        -0.9997721910476685,
        0.02098049782216549,
        0.0
      ],
      [
        0.26578599214553833,
        -2.541985034942627,
        3.5,
        1.0
      ]
    ],
    [
      [
        0.9999400973320007,
        -0.004128432832658291,
        -0.010136649012565613,
        0.0
      ],
      [
        0.010220956057310104,
        0.020939556881785393,
        0.9997285008430481,
        0.0
      ],
      [
        -0.003915055189281702,
        -0.9997721910476685,
        0.02098049782216549,
        0.0
      ],
      [
        0.46578601002693176,
        -3.74623703956604,
        3.5,
        1.0
      ]
    ],
    [
      [
        0.9999400973320007,
        -0.003915055189281702,
        0.010220956057310104,
        0.0
      ],
      [
        -0.010136649012565613,
        0.02098049782216549,
        0.9997285008430481,
        0.0
      ],
      [
        -0.004128432832658291,
        -0.9997721910476685,
        0.020939556881785393,
        0.0
      ],
      [
        -0.2543010115623474,
        -0.777737021446228,
        3.5,
        1.0
      ]
    ],
    [
      [
        0.9990766048431396,
        0.042908426374197006,
        -0.0021917764097452164,
        0.0
      ],
      [
        0.0016748501220718026,
        0.012079444713890553,
        0.9999256134033203,
        0.0
      ],
      [
        0.04293171316385269,
        -0.9990059733390808,
        0.01199642475694418,
        0.0
      ],
      [
        10.781800270080566,
        18.038179397583008,
        3.5,
        1.0
      ]
    ],
    [
      [
        0.9990766048431396,
        0.042908426374197006,
        -0.0021917764097452164,
        0.0
      ],
      [
        0.0016748501220718026,
        0.012079444713890553,
        0.9999256134033203,
        0.0
      ],
      [
        0.04293171316385269,
        -0.9990059733390808,
        0.01199642475694418,
        0.0
      ],
      [
        10.607799530029297,
        18.138179779052734,
        3.5,
        1.0
      ]
    ],
    [
      [
        0.9990766048431396,
        0.042908426374197006,
        -0.0021917764097452164,
        0.0
      ],
      [
        0.0016748501220718026,
        0.012079444713890553,
        0.9999256134033203,
        0.0
      ],
      [
        0.04293171316385269,
        -0.9990059733390808,
        0.01199642475694418,
        0.0
      ],
      [
        10.474800109863281,
        18.338178634643555,
        3.5,
        1.0
      ]
    ],
    [
      [
        0.9990766048431396,
        0.042908426374197006,
        -0.0021917764097452164,
        0.0
      ],
      [
        0.0016748501220718026,
        0.012079444713890553,
        0.9999256134033203,
        0.0
      ],
      [
        0.04293171316385269,
        -0.9990059733390808,
        0.01199642475694418,
        0.0
      ],
      [
        10.217069625854492,
        18.452253341674805,
        3.5,
        1.0
      ]
    ],
    [
      [
        0.9990766048431396,
        0.042908426374197006,
        -0.0021917764097452164,
        0.0
      ],
      [
        0.0016748501220718026,
        0.012079444713890553,
        0.9999256134033203,
        0.0
      ],
      [
        0.04293171316385269,
        -0.9990059733390808,
        0.01199642475694418,
        0.0
      ],
      [
        10.175069808959961,
        18.522554397583008,
        3.5,
        1.0
      ]
    ],
    [
      [
        0.9990766048431396,
        0.042908426374197006,
        -0.0021917764097452164,
        0.0
      ],
      [
        0.0016748501220718026,
        0.012079444713890553,
        0.9999256134033203,
        0.0
      ],
      [
        0.04293171316385269,
        -0.9990059733390808,
        0.01199642475694418,
        0.0
      ],
      [
        10.096613883972168,
        18.706321716308594,
        3.5,
        1.0
      ]
    ],
    [
      [
        0.9990766048431396,
        0.042908426374197006,
        -0.0021917764097452164,
        0.0
      ],
      [
        0.0016748501220718026,
        0.012079444713890553,
        0.9999256134033203,
        0.0
      ],
      [
        0.04293171316385269,
        -0.9990059733390808,
        0.01199642475694418,
        0.0
      ],
      [
        10.024371147155762,
        18.738178253173828,
        3.5,
        1.0
      ]
    ],
    [
      [
        0.9990766048431396,
        0.042908426374197006,
        -0.0021917764097452164,
        0.0
      ],
      [
        0.0016748501220718026,
        0.012079444713890553,
        0.9999256134033203,
        0.0
      ],
      [
        0.04293171316385269,
        -0.9990059733390808,
        0.01199642475694418,
        0.0
      ],
      [
        9.865097999572754,
        18.874977111816406,
        3.5,
        1.0
      ]
    ],
    [
      [
        0.9990766048431396,
        0.042908426374197006,
        -0.0021917764097452164,
        0.0
      ],
      [
        0.0016748501220718026,
        0.012079444713890553,
        0.9999256134033203,
        0.0
      ],
      [
        0.04293171316385269,
        -0.9990059733390808,
        0.01199642475694418,
        0.0
      ],
      [
        9.80951976776123,
        18.94293975830078,
        3.5,
        1.0
      ]
    ],
    [
      [
        0.9990766048431396,
        0.042908426374197006,
        -0.0021917764097452164,
        0.0
      ],
      [
        0.0016748501220718026,
        0.012079444713890553,
        0.9999256134033203,
        0.0
      ],
      [
        0.04293171316385269,
        -0.9990059733390808,
        0.01199642475694418,
        0.0
      ],
      [
        9.802190780639648,
        19.00193977355957,
        3.5,
        1.0
      ]
    ],
    [
      [
        0.9990766048431396,
        0.042908426374197006,
        -0.0021917764097452164,
        0.0
      ],
      [
        0.0016748501220718026,
        0.012079444713890553,
        0.9999256134033203,
        0.0
      ],
      [
        0.04293171316385269,
        -0.9990059733390808,
        0.01199642475694418,
        0.0
      ],
      [
        9.73507308959961,
        19.041950225830078,
        3.5,
        1.0
      ]
    ],
    [
      [
        0.9990766048431396,
        0.042908426374197006,
        -0.0021917764097452164,
        0.0
      ],
      [
        0.0016748501220718026,
        0.012079444713890553,
        0.9999256134033203,
        0.0
      ],
      [
        0.04293171316385269,
        -0.9990059733390808,
        0.01199642475694418,
        0.0
      ],
      [
        9.59514331817627,
        19.147499084472656,
        3.5,
        1.0
      ]
    ],
    [
      [
        0.9990766048431396,
        0.042908426374197006,
        -0.0021917764097452164,
        0.0
      ],
      [
        0.0016748501220718026,
        0.012079444713890553,
        0.9999256134033203,
        0.0
      ],
      [
        0.04293171316385269,
        -0.9990059733390808,
        0.01199642475694418,
        0.0
      ],
      [
        9.519519805908203,
        19.212923049926758,
        3.5,
        1.0
      ]
    ],
    [
      [
        0.9990766048431396,
        0.042908426374197006,
        -0.0021917764097452164,
        0.0
      ],
      [
        0.0016748501220718026,
        0.012079444713890553,
        0.9999256134033203,
        0.0
      ],
      [
        0.04293171316385269,
        -0.9990059733390808,
        0.01199642475694418,
        0.0
      ],
      [
        9.4630708694458,
        19.239309310913086,
        3.5,
        1.0
      ]
    ],
    [
      [
        0.9990766048431396,
        0.042908426374197006,
        -0.0021917764097452164,
        0.0
      ],
      [
        0.0016748501220718026,
        0.012079444713890553,
        0.9999256134033203,
        0.0
      ],
      [
        0.04293171316385269,
        -0.9990059733390808,
        0.01199642475694418,
        0.0
      ],
      [
        9.424820899963379,
        19.306428909301758,
        3.5,
        1.0
      ]
    ],
    [
      [
        0.9990766048431396,
        0.042908426374197006,
        -0.0021917764097452164,
        0.0
      ],
      [
        0.0016748501220718026,
        0.012079444713890553,
        0.9999256134033203,
        0.0
      ],
      [
        0.04293171316385269,
        -0.9990059733390808,
        0.01199642475694418,
        0.0
      ],
      [
        9.326610565185547,
        19.412708282470703,
        3.5,
        1.0
      ]
    ],
    [
      [
        0.9990766048431396,
        0.042908426374197006,
        -0.0021917764097452164,
        0.0
      ],
      [
        0.0016748501220718026,
        0.012079444713890553,
        0.9999256134033203,
        0.0
      ],
      [
        0.04293171316385269,
        -0.9990059733390808,
        0.01199642475694418,
        0.0
      ],
      [
        9.29613208770752,
        19.440412521362305,
        3.5,
        1.0
      ]
    ],
    [
      [
        0.9990766048431396,
        0.042908426374197006,
        -0.0021917764097452164,
        0.0
      ],
      [
        0.0016748501220718026,
        0.012079444713890553,
        0.9999256134033203,
        0.0
      ],
      [
        0.04293171316385269,
        -0.9990059733390808,
        0.01199642475694418,
        0.0
      ],
      [
        9.222602844238281,
        19.601940155029297,
        3.5,
        1.0
      ]
    ],
    [
      [
        0.9990766048431396,
        0.042908426374197006,
        -0.0021917764097452164,
        0.0
      ],
      [
        0.0016748501220718026,
        0.012079444713890553,
        0.9999256134033203,
        0.0
      ],
      [
        0.04293171316385269,
        -0.9990059733390808,
        0.01199642475694418,
        0.0
      ],
      [
        9.182602882385254,
        19.68194007873535,
        3.5,
        1.0
      ]
    ],
    [
      [
        0.9990766048431396,
        0.042908426374197006,
        -0.0021917764097452164,
        0.0
      ],
      [
        0.0016748501220718026,
        0.012079444713890553,
        0.9999256134033203,
        0.0
      ],
      [
        0.04293171316385269,
        -0.9990059733390808,
        0.01199642475694418,
        0.0
      ],
      [
        9.10205078125,
        19.8435115814209,
        3.5,
        1.0
      ]
    ],
    [
      [
        0.9990766048431396,
        0.042908426374197006,
        -0.0021917764097452164,
        0.0
      ],
      [
        0.0016748501220718026,
        0.012079444713890553,
        0.9999256134033203,
        0.0
      ],
      [
        0.04293171316385269,
        -0.9990059733390808,
        0.01199642475694418,
        0.0
      ],
      [
        8.958702087402344,
        19.98084259033203,
        3.5,
        1.0
      ]
    ],
    [
      [
        0.9990766048431396,
        0.042908426374197006,
        -0.0021917764097452164,
        0.0
      ],
      [
        0.0016748501220718026,
        0.012079444713890553,
        0.9999256134033203,
        0.0
      ],
      [
        0.04293171316385269,
        -0.9990059733390808,
        0.01199642475694418,
        0.0
      ],
      [
        8.896045684814453,
        20.090839385986328,
        3.5,
        1.0
      ]
    ],
    [
      [
        0.9990766048431396,
        0.042908426374197006,
        -0.0021917764097452164,
        0.0
      ],
      [
        0.0016748501220718026,
        0.012079444713890553,
        0.9999256134033203,
        0.0
      ],
      [
        0.04293171316385269,
        -0.9990059733390808,
        0.01199642475694418,
        0.0
      ],
      [
        8.789612770080566,
        20.196321487426758,
        3.5,
        1.0
      ]
    ],
    [
      [
        0.9990766048431396,
        0.042908426374197006,
        -0.0021917764097452164,
        0.0
      ],
      [
        0.0016748501220718026,
        0.012079444713890553,
        0.9999256134033203,
        0.0
      ],
      [
        0.04293171316385269,
        -0.9990059733390808,
        0.01199642475694418,
        0.0
      ],
      [
        8.55955982208252,
        20.34551429748535,
        3.5,
        1.0
      ]
    ],
    [
      [
        0.9990766048431396,
        0.042908426374197006,
        -0.0021917764097452164,
        0.0
      ],
      [
        0.0016748501220718026,
        0.012079444713890553,
        0.9999256134033203,
        0.0
      ],
      [
        0.04293171316385269,
        -0.9990059733390808,
        0.01199642475694418,
        0.0
      ],
      [
        8.426162719726562,
        20.45245933532715,
        3.5,
        1.0
      ]
    ],
    [
      [
        0.9990766048431396,
        0.042908426374197006,
        -0.0021917764097452164,
        0.0
      ],
      [
        0.0016748501220718026,
        0.012079444713890553,
        0.9999256134033203,
        0.0
      ],
      [
        0.04293171316385269,
        -0.9990059733390808,
        0.01199642475694418,
        0.0
      ],
      [
        8.325152397155762,
        21.396217346191406,
        3.5,
        1.0
      ]
    ],
    [
      [
        0.9990766048431396,
        0.042908426374197006,
        -0.0021917764097452164,
        0.0
      ],
      [
        0.0016748501220718026,
        0.012079444713890553,
        0.9999256134033203,
        0.0
      ],
      [
        0.04293171316385269,
        -0.9990059733390808,
        0.01199642475694418,
        0.0
      ],
      [
        8.279712677001953,
        21.50632095336914,
        3.5,
        1.0
      ]
    ],
    [
      [
        0.9990766048431396,
        0.042908426374197006,
        -0.0021917764097452164,
        0.0
      ],
      [
        0.0016748501220718026,
        0.012079444713890553,
        0.9999256134033203,
        0.0
      ],
      [
        0.04293171316385269,
        -0.9990059733390808,
        0.01199642475694418,
        0.0
      ],
      [
        8.075172424316406,
        22.439960479736328,
        3.5,
        1.0
      ]
    ],
    [
      [
        0.9990766048431396,
        0.042908426374197006,
        -0.0021917764097452164,
        0.0
      ],
      [
        0.0016748501220718026,
        0.012079444713890553,
        0.9999256134033203,
        0.0
      ],
      [
        0.04293171316385269,
        -0.9990059733390808,
        0.01199642475694418,
        0.0
      ],
      [
        7.985142230987549,
        22.65312957763672,
        3.5,
        1.0
      ]
    ]
  ],
  "c2w": [
    [
      [
        0.9999400973320007,
        -0.004128433298319578,
        -0.010136648081243038,
        -0.24078622460365295
      ],
      [
        0.010220956988632679,
        0.020939556881785393,
        0.9997285008430481,
        -3.448538303375244
      ],
      [
        -0.003915055189281702,
        -0.9997722506523132,
        0.02098049968481064,
        -2.613797187805176
      ],
      [
        0.0,
        0.0,
        0.0,
        1.0
      ]
    ],
    [
      [
        0.9999400973320007,
        -0.004128433298319578,
        -0.010136648081243038,
        -0.44574594497680664
      ],
      [
        0.010220956988632679,
        0.020939556881785393,
        0.9997285008430481,
        -3.425365924835205
      ],
      [
        -0.003915055189281702,
        -0.9997722506523132,
        0.02098049968481064,
        -3.8169920444488525
      ],
      [
        0.0,
        0.0,
        0.0,
        1.0
      ]
    ],
    [
      [
        0.9999400973320007,
        -0.003915055189281702,
        0.010220956988632679,
        0.21546754240989685
      ],
      [
        -0.010136648081243038,
        0.02098049968481064,
        0.9997285008430481,
        -3.4853100776672363
      ],
      [
        -0.004128433298319578,
        -0.9997722506523132,
        0.020939556881785393,
        -0.851898193359375
      ],
      [
        0.0,
        0.0,
        0.0,
        1.0
      ]
    ],
    [
      [
        0.9990766048431396,
        0.042908430099487305,
        -0.00219177664257586,
        -11.538163185119629
      ],
      [
        0.0016748501220718026,
        0.012079444713890553,
        0.9999256730079651,
        -3.7356889247894287
      ],
      [
        0.04293171316385269,
        -0.9990059733390808,
        0.011996425688266754,
        17.515380859375
      ],
      [
        0.0,
        0.0,
        0.0,
        1.0
      ]
    ],
    [
      [
        0.9990766048431396,
        0.042908430099487305,
        -0.00219177664257586,
        -11.368614196777344
      ],
      [
        0.0016748501220718026,
        0.012079444713890553,
        0.9999256730079651,
        -3.736605405807495
      ],
      [
        0.04293171316385269,
        -0.9990059733390808,
        0.011996425688266754,
        17.622751235961914
      ],
      [
        0.0,
        0.0,
        0.0,
        1.0
      ]
    ],
    [
      [
        0.9990766048431396,
        0.042908430099487305,
        -0.00219177664257586,
        -11.244318962097168
      ],
      [
        0.0016748501220718026,
        0.012079444713890553,
        0.9999256730079651,
        -3.7387986183166504
      ],
      [
        0.04293171316385269,
        -0.9990059733390808,
        0.011996425688266754,
        17.828262329101562
      ],
      [
        0.0,
        0.0,
        0.0,
        1.0
      ]
    ],
    [
      [
        0.9990766048431396,
        0.042908430099487305,
        -0.00219177664257586,
        -10.991721153259277
      ],
      [
        0.0016748501220718026,
        0.012079444713890553,
        0.9999256730079651,
        -3.7397449016571045
      ],
      [
        0.04293171316385269,
        -0.9990059733390808,
        0.011996425688266754,
        17.95328712463379
      ],
      [
        0.0,
        0.0,
        0.0,
        1.0
      ]
    ],
    [
      [
        0.9990766048431396,
        0.042908430099487305,
        -0.00219177664257586,
        -10.952776908874512
      ],
      [
        0.0016748501220718026,
        0.012079444713890553,
        0.9999256730079651,
        -3.7405238151550293
      ],
      [
        0.04293171316385269,
        -0.9990059733390808,
        0.011996425688266754,
        18.02532196044922
      ],
      [
        0.0,
        0.0,
        0.0,
        1.0
      ]
    ],
    [
      [
        0.9990766048431396,
        0.042908430099487305,
        -0.00219177664257586,
        -10.882278442382812
      ],
      [
        0.0016748501220718026,
        0.012079444713890553,
        0.9999256730079651,
        -3.74261212348938
      ],
      [
        0.04293171316385269,
        -0.9990059733390808,
        0.011996425688266754,
        18.2122745513916
      ],
      [
        0.0,
        0.0,
        0.0,
        1.0
      ]
    ],
    [
      [
        0.9990766048431396,
        0.042908430099487305,
        -0.00219177664257586,
        -10.811469078063965
      ],
      [
        0.0016748501220718026,
        0.012079444713890553,
        0.9999256730079651,
        -3.742875814437866
      ],
      [
        0.04293171316385269,
        -0.9990059733390808,
        0.011996425688266754,
        18.247201919555664
      ],
      [
        0.0,
        0.0,
        0.0,
        1.0
      ]
    ],
    [
      [
        0.9990766048431396,
        0.042908430099487305,
        -0.00219177664257586,
        -10.658212661743164
      ],
      [
        0.0016748501220718026,
        0.012079444713890553,
        0.9999256730079651,
        -3.7442615032196045
      ],
      [
        0.04293171316385269,
        -0.9990059733390808,
        0.011996425688266754,
        18.390701293945312
      ],
      [
        0.0,
        0.0,
        0.0,
        1.0
      ]
    ],
    [
      [
        0.9990766048431396,
        0.042908430099487305,
        -0.00219177664257586,
        -10.605602264404297
      ],
      [
        0.0016748501220718026,
        0.012079444713890553,
        0.9999256730079651,
        -3.7449893951416016
      ],
      [
        0.04293171316385269,
        -0.9990059733390808,
        0.011996425688266754,
        18.460983276367188
      ],
      [
        0.0,
        0.0,
        0.0,
        1.0
      ]
    ],
    [
      [
        0.9990766048431396,
        0.042908430099487305,
        -0.00219177664257586,
        -10.600811958312988
      ],
      [
        0.0016748501220718026,
        0.012079444713890553,
        0.9999256730079651,
        -3.745689868927002
      ],
      [
        0.04293171316385269,
        -0.9990059733390808,
        0.011996425688266754,
        18.520238876342773
      ],
      [
        0.0,
        0.0,
        0.0,
        1.0
      ]
    ],
    [
      [
        0.9990766048431396,
        0.042908430099487305,
        -0.00219177664257586,
        -10.535472869873047
      ],
      [
        0.0016748501220718026,
        0.012079444713890553,
        0.9999256730079651,
        -3.746060848236084
      ],
      [
        0.04293171316385269,
        -0.9990059733390808,
        0.011996425688266754,
        18.563091278076172
      ],
      [
        0.0,
        0.0,
        0.0,
        1.0
      ]
    ],
    [
      [
        0.9990766048431396,
        0.042908430099487305,
        -0.00219177664257586,
        -10.400200843811035
      ],
      [
        0.0016748501220718026,
        0.012079444713890553,
        0.9999256730079651,
        -3.747101306915283
      ],
      [
        0.04293171316385269,
        -0.9990059733390808,
        0.011996425688266754,
        18.674543380737305
      ],
      [
        0.0,
        0.0,
        0.0,
        1.0
      ]
    ],
    [
      [
        0.9990766048431396,
        0.042908430099487305,
        -0.00219177664257586,
        -10.327454566955566
      ],
      [
        0.0016748501220718026,
        0.012079444713890553,
        0.9999256730079651,
        -3.747765064239502
      ],
      [
        0.04293171316385269,
        -0.9990059733390808,
        0.011996425688266754,
        18.743148803710938
      ],
      [
        0.0,
        0.0,
        0.0,
        1.0
      ]
    ],
    [
      [
        0.9990766048431396,
        0.042908430099487305,
        -0.00219177664257586,
        -10.27219009399414
      ],
      [
        0.0016748501220718026,
        0.012079444713890553,
        0.9999256730079651,
        -3.7479891777038574
      ],
      [
        0.04293171316385269,
        -0.9990059733390808,
        0.011996425688266754,
        18.77193260192871
      ],
      [
        0.0,
        0.0,
        0.0,
        1.0
      ]
    ],
    [
      [
        0.9990766048431396,
        0.042908430099487305,
        -0.00219177664257586,
        -10.236855506896973
      ],
      [
        0.0016748501220718026,
        0.012079444713890553,
        0.9999256730079651,
        -3.7487359046936035
      ],
      [
        0.04293171316385269,
        -0.9990059733390808,
        0.011996425688266754,
        18.840627670288086
      ],
      [
        0.0,
        0.0,
        0.0,
        1.0
      ]
    ],
    [
      [
        0.9990766048431396,
        0.042908430099487305,
        -0.00219177664257586,
        -10.143296241760254
      ],
      [
        0.0016748501220718026,
        0.012079444713890553,
        0.9999256730079651,
        -3.7498552799224854
      ],
      [
        0.04293171316385269,
        -0.9990059733390808,
        0.011996425688266754,
        18.951017379760742
      ],
      [
        0.0,
        0.0,
        0.0,
        1.0
      ]
    ],
    [
      [
        0.9990766048431396,
        0.042908430099487305,
        -0.00219177664257586,
        -10.114034652709961
      ],
      [
        0.0016748501220718026,
        0.012079444713890553,
        0.9999256730079651,
        -3.750138759613037
      ],
      [
        0.04293171316385269,
        -0.9990059733390808,
        0.011996425688266754,
        18.98000144958496
      ],
      [
        0.0,
        0.0,
        0.0,
        1.0
      ]
    ],
    [
      [
        0.9990766048431396,
        0.042908430099487305,
        -0.00219177664257586,
        -10.047504425048828
      ],
      [
        0.0016748501220718026,
        0.012079444713890553,
        0.9999256730079651,
        -3.751966953277588
      ],
      [
        0.04293171316385269,
        -0.9990059733390808,
        0.011996425688266754,
        19.1445255279541
      ],
      [
        0.0,
        0.0,
        0.0,
        1.0
      ]
    ],
    [
      [
        0.9990766048431396,
        0.042908430099487305,
        -0.00219177664257586,
        -10.010973930358887
      ],
      [
        0.0016748501220718026,
        0.012079444713890553,
        0.9999256730079651,
        -3.752866268157959
      ],
      [
        0.04293171316385269,
        -0.9990059733390808,
        0.011996425688266754,
        19.226163864135742
      ],
      [
        0.0,
        0.0,
        0.0,
        1.0
      ]
    ],
    [
      [
        0.9990766048431396,
        0.042908430099487305,
        -0.00219177664257586,
        -9.93742847442627
      ],
      [
        0.0016748501220718026,
        0.012079444713890553,
        0.9999256730079651,
        -3.754683017730713
      ],
      [
        0.04293171316385269,
        -0.9990059733390808,
        0.011996425688266754,
        19.391033172607422
      ],
      [
        0.0,
        0.0,
        0.0,
        1.0
      ]
    ],
    [
      [
        0.9990766048431396,
        0.042908430099487305,
        -0.00219177664257586,
        -9.800105094909668
      ],
      [
        0.0016748501220718026,
        0.012079444713890553,
        0.9999256730079651,
        -3.7561018466949463
      ],
      [
        0.04293171316385269,
        -0.9990059733390808,
        0.011996425688266754,
        19.534381866455078
      ],
      [
        0.0,
        0.0,
        0.0,
        1.0
      ]
    ],
    [
      [
        0.9990766048431396,
        0.042908430099487305,
        -0.00219177664257586,
        -9.742226600646973
      ],
      [
        0.0016748501220718026,
        0.012079444713890553,
        0.9999256730079651,
        -3.7573256492614746
      ],
      [
        0.04293171316385269,
        -0.9990059733390808,
        0.011996425688266754,
        19.64695930480957
      ],
      [
        0.0,
        0.0,
        0.0,
        1.0
      ]
    ],
    [
      [
        0.9990766048431396,
        0.042908430099487305,
        -0.00219177664257586,
        -9.64041805267334
      ],
      [
        0.0016748501220718026,
        0.012079444713890553,
        0.9999256730079651,
        -3.7584214210510254
      ],
      [
        0.04293171316385269,
        -0.9990059733390808,
        0.011996425688266754,
        19.756906509399414
      ],
      [
        0.0,
        0.0,
        0.0,
        1.0
      ]
    ],
    [
      [
        0.9990766048431396,
        0.042908430099487305,
        -0.00219177664257586,
        -9.41697883605957
      ],
      [
        0.0016748501220718026,
        0.012079444713890553,
        0.9999256730079651,
        -3.759838342666626
      ],
      [
        0.04293171316385269,
        -0.9990059733390808,
        0.011996425688266754,
        19.91582679748535
      ],
      [
        0.0,
        0.0,
        0.0,
        1.0
      ]
    ],
    [
      [
        0.9990766048431396,
        0.042908430099487305,
        -0.00219177664257586,
        -9.288293838500977
      ],
      [
        0.0016748501220718026,
        0.012079444713890553,
        0.9999256730079651,
        -3.76090669631958
      ],
      [
        0.04293171316385269,
        -0.9990059733390808,
        0.011996425688266754,
        20.028392791748047
      ],
      [
        0.0,
        0.0,
        0.0,
        1.0
      ]
    ],
    [
      [
        0.9990766048431396,
        0.042908430099487305,
        -0.00219177664257586,
        -9.227871894836426
      ],
      [
        0.0016748501220718026,
        0.012079444713890553,
        0.9999256730079651,
        -3.7721376419067383
      ],
      [
        0.04293171316385269,
        -0.9990059733390808,
        0.011996425688266754,
        20.975549697875977
      ],
      [
        0.0,
        0.0,
        0.0,
        1.0
      ]
    ],
    [
      [
        0.9990766048431396,
        0.042908430099487305,
        -0.00219177664257586,
        -9.187198638916016
      ],
      [
        0.0016748501220718026,
        0.012079444713890553,
        0.9999256730079651,
        -3.7733914852142334
      ],
      [
        0.04293171316385269,
        -0.9990059733390808,
        0.011996425688266754,
        21.087493896484375
      ],
      [
        0.0,
        0.0,
        0.0,
        1.0
      ]
    ],
    [
      [
        0.9990766048431396,
        0.042908430099487305,
        -0.00219177664257586,
        -9.022908210754395
      ],
      [
        0.0016748501220718026,
        0.012079444713890553,
        0.9999256730079651,
        -3.7843267917633057
      ],
      [
        0.04293171316385269,
        -0.9990059733390808,
        0.011996425688266754,
        22.02898597717285
      ],
      [
        0.0,
        0.0,
        0.0,
        1.0
      ]
    ],
    [
      [
        0.9990766048431396,
        0.042908430099487305,
        -0.00219177664257586,
        -8.942108154296875
      ],
      [
        0.0016748501220718026,
        0.012079444713890553,
        0.9999256730079651,
        -3.7867510318756104
      ],
      [
        0.04293171316385269,
        -0.9990059733390808,
        0.011996425688266754,
        22.24580955505371
      ],
      [
        0.0,
        0.0,
        0.0,
        1.0
      ]
    ]
  ],
  "full_proj_transform": [
    [
      [
        0.6365818381309509,
        -0.0026282428298145533,
        -0.010137663222849369,
        -0.010136649012565613
      ],
      [
        0.0065068649128079414,
        0.013330540619790554,
        0.9998285174369812,
        0.9997285008430481
      ],
      [
        -0.002492402447387576,
        -0.6364749670028687,
        0.020982597023248672,
        0.02098049782216549
      ],
      [
        0.16920466721057892,
        -1.6182785034179688,
        3.490349054336548,
        3.5
      ]
    ],
    [
      [
        0.6365818381309509,
        -0.0026282428298145533,
        -0.010137663222849369,
        -0.010136649012565613
      ],
      [
        0.0065068649128079414,
        0.013330540619790554,
        0.9998285174369812,
        0.9997285008430481
      ],
      [
        -0.002492402447387576,
        -0.6364749670028687,
        0.020982597023248672,
        0.02098049782216549
      ],
      [
        0.296528697013855,
        -2.3849294185638428,
        3.490349054336548,
        3.5
      ]
    ],
    [
      [
        0.6365818381309509,
        -0.002492402447387576,
        0.010221978649497032,
        0.010220956057310104
      ],
      [
        -0.006453193258494139,
        0.013356604613363743,
        0.9998285174369812,
        0.9997285008430481
      ],
      [
        -0.0026282428298145533,
        -0.6364749670028687,
        0.02094165049493313,
        0.020939556881785393
      ],
      [
        -0.1618930995464325,
        -0.4951229393482208,
        3.490349054336548,
        3.5
      ]
    ],
    [
      [
        0.6360321044921875,
        0.027316361665725708,
        -0.0021919957362115383,
        -0.0021917764097452164
      ],
      [
        0.0010662430431693792,
        0.007690015714615583,
        1.0000256299972534,
        0.9999256134033203
      ],
      [
        0.027331186458468437,
        -0.6359871625900269,
        0.011997624300420284,
        0.01199642475694418
      ],
      [
        6.863909721374512,
        11.483465194702148,
        3.490349054336548,
        3.5
      ]
    ],
    [
      [
        0.6360321044921875,
        0.027316361665725708,
        -0.0021919957362115383,
        -0.0021917764097452164
      ],
      [
        0.0010662430431693792,
        0.007690015714615583,
        1.0000256299972534,
        0.9999256134033203
      ],
      [
        0.027331186458468437,
        -0.6359871625900269,
        0.011997624300420284,
        0.01199642475694418
      ],
      [
        6.753137111663818,
        11.547127723693848,
        3.490349054336548,
        3.5
      ]
    ],
    [
      [
        0.6360321044921875,
        0.027316361665725708,
        -0.0021919957362115383,
        -0.0021917764097452164
      ],
      [
        0.0010662430431693792,
        0.007690015714615583,
        1.0000256299972534,
        0.9999256134033203
      ],
      [
        0.027331186458468437,
        -0.6359871625900269,
        0.011997624300420284,
        0.01199642475694418
      ],
      [
        6.668467044830322,
        11.674450874328613,
        3.490349054336548,
        3.5
      ]
    ],
    [
      [
        0.6360321044921875,
        0.027316361665725708,
        -0.0021919957362115383,
        -0.0021917764097452164
      ],
      [
        0.0010662430431693792,
        0.007690015714615583,
        1.0000256299972534,
        0.9999256134033203
      ],
      [
        0.027331186458468437,
        -0.6359871625900269,
        0.011997624300420284,
        0.01199642475694418
      ],
      [
        6.504390716552734,
        11.74707317352295,
        3.490349054336548,
        3.5
      ]
    ],
    [
      [
        0.6360321044921875,
        0.027316361665725708,
        -0.0021919957362115383,
        -0.0021917764097452164
      ],
      [
        0.0010662430431693792,
        0.007690015714615583,
        1.0000256299972534,
        0.9999256134033203
      ],
      [
        0.027331186458468437,
        -0.6359871625900269,
        0.011997624300420284,
        0.01199642475694418
      ],
      [
        6.4776530265808105,
        11.791828155517578,
        3.490349054336548,
        3.5
      ]
    ],
    [
      [
        0.6360321044921875,
        0.027316361665725708,
        -0.0021919957362115383,
        -0.0021917764097452164
      ],
      [
        0.0010662430431693792,
        0.007690015714615583,
        1.0000256299972534,
        0.9999256134033203
      ],
      [
        0.027331186458468437,
        -0.6359871625900269,
        0.011997624300420284,
        0.01199642475694418
      ],
      [
        6.427706241607666,
        11.908818244934082,
        3.490349054336548,
        3.5
      ]
    ],
    [
      [
        0.6360321044921875,
        0.027316361665725708,
        -0.0021919957362115383,
        -0.0021917764097452164
      ],
      [
        0.0010662430431693792,
        0.007690015714615583,
        1.0000256299972534,
        0.9999256134033203
      ],
      [
        0.027331186458468437,
        -0.6359871625900269,
        0.011997624300420284,
        0.01199642475694418
      ],
      [
        6.381714820861816,
        11.929099082946777,
        3.490349054336548,
        3.5
      ]
    ],
    [
      [
        0.6360321044921875,
        0.027316361665725708,
        -0.0021919957362115383,
        -0.0021917764097452164
      ],
      [
        0.0010662430431693792,
        0.007690015714615583,
        1.0000256299972534,
        0.9999256134033203
      ],
      [
        0.027331186458468437,
        -0.6359871625900269,
        0.011997624300420284,
        0.01199642475694418
      ],
      [
        6.280318737030029,
        12.01618766784668,
        3.490349054336548,
        3.5
      ]
    ],
    [
      [
        0.6360321044921875,
        0.027316361665725708,
        -0.0021919957362115383,
        -0.0021917764097452164
      ],
      [
        0.0010662430431693792,
        0.007690015714615583,
        1.0000256299972534,
        0.9999256134033203
      ],
      [
        0.027331186458468437,
        -0.6359871625900269,
        0.011997624300420284,
        0.01199642475694418
      ],
      [
        6.244936466217041,
        12.059453964233398,
        3.490349054336548,
        3.5
      ]
    ],
    [
      [
        0.6360321044921875,
        0.027316361665725708,
        -0.0021919957362115383,
        -0.0021917764097452164
      ],
      [
        0.0010662430431693792,
        0.007690015714615583,
        1.0000256299972534,
        0.9999256134033203
      ],
      [
        0.027331186458468437,
        -0.6359871625900269,
        0.011997624300420284,
        0.01199642475694418
      ],
      [
        6.240270614624023,
        12.097014427185059,
        3.490349054336548,
        3.5
      ]
    ],
    [
      [
        0.6360321044921875,
        0.027316361665725708,
        -0.0021919957362115383,
        -0.0021917764097452164
      ],
      [
        0.0010662430431693792,
        0.007690015714615583,
        1.0000256299972534,
        0.9999256134033203
      ],
      [
        0.027331186458468437,
        -0.6359871625900269,
        0.011997624300420284,
        0.01199642475694418
      ],
      [
        6.197542190551758,
        12.122486114501953,
        3.490349054336548,
        3.5
      ]
    ],
    [
      [
        0.6360321044921875,
        0.027316361665725708,
        -0.0021919957362115383,
        -0.0021917764097452164
      ],
      [
        0.0010662430431693792,
        0.007690015714615583,
        1.0000256299972534,
        0.9999256134033203
      ],
      [
        0.027331186458468437,
        -0.6359871625900269,
        0.011997624300420284,
        0.01199642475694418
      ],
      [
        6.108459949493408,
        12.189681053161621,
        3.490349054336548,
        3.5
      ]
    ],
    [
      [
        0.6360321044921875,
        0.027316361665725708,
        -0.0021919957362115383,
        -0.0021917764097452164
      ],
      [
        0.0010662430431693792,
        0.007690015714615583,
        1.0000256299972534,
        0.9999256134033203
      ],
      [
        0.027331186458468437,
        -0.6359871625900269,
        0.011997624300420284,
        0.01199642475694418
      ],
      [
        6.060316562652588,
        12.231330871582031,
        3.490349054336548,
        3.5
      ]
    ],
    [
      [
        0.6360321044921875,
        0.027316361665725708,
        -0.0021919957362115383,
        -0.0021917764097452164
      ],
      [
        0.0010662430431693792,
        0.007690015714615583,
        1.0000256299972534,
        0.9999256134033203
      ],
      [
        0.027331186458468437,
        -0.6359871625900269,
        0.011997624300420284,
        0.01199642475694418
      ],
      [
        6.024380207061768,
        12.248128890991211,
        3.490349054336548,
        3.5
      ]
    ],
    [
      [
        0.6360321044921875,
        0.027316361665725708,
        -0.0021919957362115383,
        -0.0021917764097452164
      ],
      [
        0.0010662430431693792,
        0.007690015714615583,
        1.0000256299972534,
        0.9999256134033203
      ],
      [
        0.027331186458468437,
        -0.6359871625900269,
        0.011997624300420284,
        0.01199642475694418
      ],
      [
        6.000029563903809,
        12.290858268737793,
        3.490349054336548,
        3.5
      ]
    ],
    [
      [
        0.6360321044921875,
        0.027316361665725708,
        -0.0021919957362115383,
        -0.0021917764097452164
      ],
      [
        0.0010662430431693792,
        0.007690015714615583,
        1.0000256299972534,
        0.9999256134033203
      ],
      [
        0.027331186458468437,
        -0.6359871625900269,
