{
  "world_view_transform": [
    [
      [
        0.9999400973320007,
        -0.004128432832658291,
        -0.010136649012565613,
        0.0
      ],
      [
        0.010220956057310104,
        0.020939556881785393,
        0.9997285008430481,
        0.0
      ],
      [
        -0.003915055189281702,
        -0.9997721910476685,
        0.02098049782216549,
        0.0
      ],
      [
        -0.23225200176239014,
        -2.0399250984191895,
        3.5,
        1.0
      ]
    ],
    [
      [
        0.9999400973320007,
        -0.004128432832658291,
        -0.010136649012565613,
        0.0
      ],
      [
        0.010220956057310104,
        0.020939556881785393,
        0.9997285008430481,
        0.0
      ],
      [
        -0.003915055189281702,
        -0.9997721910476685,
        0.02098049782216549,
        0.0
      ],
      [
        -0.0322519987821579,
        -3.2441771030426025,
        3.5,
        1.0
      ]
    ],
    [
      [
        0.9999400973320007,
        -0.003915055189281702,
        0.010220956057310104,
        0.0
      ],
      [
        -0.010136649012565613,
        0.02098049782216549,
        0.9997285008430481,
        0.0
      ],
      [
        -0.004128432832658291,
        -0.9997721910476685,
        0.020939556881785393,
        0.0
      ],
      [
        -0.752232015132904,
        -0.2757830023765564,
        3.5,
        1.0
      ]
    ],
    [
      [
        0.9990766048431396,
        0.042908426374197006,
        -0.0021917764097452164,
        0.0
      ],
      [
        0.0016748501220718026,
        0.012079444713890553,
        0.9999256134033203,
        0.0
      ],
      [
        0.04293171316385269,
        -0.9990059733390808,
        0.01199642475694418,
        0.0
      ],
      [
        10.26079273223877,
        18.516263961791992,
        3.5,
        1.0
      ]
    ],
    [
      [
        0.9990766048431396,
        0.042908426374197006,
        -0.0021917764097452164,
        0.0
      ],
      [
        0.0016748501220718026,
        0.012079444713890553,
        0.9999256134033203,
        0.0
      ],
      [
        0.04293171316385269,
        -0.9990059733390808,
        0.01199642475694418,
        0.0
      ],
      [
        10.086792945861816,
        18.61626434326172,
        3.5,
        1.0
      ]
    ],
    [
      [
        0.9990766048431396,
        0.042908426374197006,
        -0.0021917764097452164,
        0.0
      ],
      [
        0.0016748501220718026,
        0.012079444713890553,
        0.9999256134033203,
        0.0
      ],
      [
        0.04293171316385269,
        -0.9990059733390808,
        0.01199642475694418,
        0.0
      ],
      [
        9.953792572021484,
        18.81626319885254,
        3.5,
        1.0
      ]
    ],
    [
      [
        0.9990766048431396,
        0.042908426374197006,
        -0.0021917764097452164,
        0.0
      ],
      [
        0.0016748501220718026,
        0.012079444713890553,
        0.9999256134033203,
        0.0
      ],
      [
        0.04293171316385269,
        -0.9990059733390808,
        0.01199642475694418,
        0.0
      ],
      [
        9.696063041687012,
        18.930339813232422,
        3.5,
        1.0
      ]
    ],
    [
      [
        0.9990766048431396,
        0.042908426374197006,
        -0.0021917764097452164,
        0.0
      ],
      [
        0.0016748501220718026,
        0.012079444713890553,
        0.9999256134033203,
        0.0
      ],
      [
        0.04293171316385269,
        -0.9990059733390808,
        0.01199642475694418,
        0.0
      ],
      [
        9.65406322479248,
        19.000638961791992,
        3.5,
        1.0
      ]
    ],
    [
      [
        0.9990766048431396,
        0.042908426374197006,
        -0.0021917764097452164,
        0.0
      ],
      [
        0.0016748501220718026,
        0.012079444713890553,
        0.9999256134033203,
        0.0
      ],
      [
        0.04293171316385269,
        -0.9990059733390808,
        0.01199642475694418,
        0.0
      ],
      [
        9.575607299804688,
        19.184406280517578,
        3.5,
        1.0
      ]
    ],
    [
      [
        0.9990766048431396,
        0.042908426374197006,
        -0.0021917764097452164,
        0.0
      ],
      [
        0.0016748501220718026,
        0.012079444713890553,
        0.9999256134033203,
        0.0
      ],
      [
        0.04293171316385269,
        -0.9990059733390808,
        0.01199642475694418,
        0.0
      ],
      [
        9.503363609313965,
        19.216264724731445,
        3.5,
        1.0
      ]
    ],
    [
      [
        0.9990766048431396,
        0.042908426374197006,
        -0.0021917764097452164,
        0.0
      ],
      [
        0.0016748501220718026,
        0.012079444713890553,
        0.9999256134033203,
        0.0
      ],
      [
        0.04293171316385269,
        -0.9990059733390808,
        0.01199642475694418,
        0.0
      ],
      [
        9.344091415405273,
        19.35306167602539,
        3.5,
        1.0
      ]
    ],
    [
      [
        0.9990766048431396,
        0.042908426374197006,
        -0.0021917764097452164,
        0.0
      ],
      [
        0.0016748501220718026,
        0.012079444713890553,
        0.9999256134033203,
        0.0
      ],
      [
        0.04293171316385269,
        -0.9990059733390808,
        0.01199642475694418,
        0.0
      ],
      [
        9.28851318359375,
        19.421024322509766,
        3.5,
        1.0
      ]
    ],
    [
      [
        0.9990766048431396,
        0.042908426374197006,
        -0.0021917764097452164,
        0.0
      ],
      [
        0.0016748501220718026,
        0.012079444713890553,
        0.9999256134033203,
        0.0
      ],
      [
        0.04293171316385269,
        -0.9990059733390808,
        0.01199642475694418,
        0.0
      ],
      [
        9.281184196472168,
        19.480024337768555,
        3.5,
        1.0
      ]
    ],
    [
      [
        0.9990766048431396,
        0.042908426374197006,
        -0.0021917764097452164,
        0.0
      ],
      [
        0.0016748501220718026,
        0.012079444713890553,
        0.9999256134033203,
        0.0
      ],
      [
        0.04293171316385269,
        -0.9990059733390808,
        0.01199642475694418,
        0.0
      ],
      [
        9.214065551757812,
        19.520036697387695,
        3.5,
        1.0
      ]
    ],
    [
      [
        0.9990766048431396,
        0.042908426374197006,
        -0.0021917764097452164,
        0.0
      ],
      [
        0.0016748501220718026,
        0.012079444713890553,
        0.9999256134033203,
        0.0
      ],
      [
        0.04293171316385269,
        -0.9990059733390808,
        0.01199642475694418,
        0.0
      ],
      [
        9.074135780334473,
        19.625585556030273,
        3.5,
        1.0
      ]
    ],
    [
      [
        0.9990766048431396,
        0.042908426374197006,
        -0.0021917764097452164,
        0.0
      ],
      [
        0.0016748501220718026,
        0.012079444713890553,
        0.9999256134033203,
        0.0
      ],
      [
        0.04293171316385269,
        -0.9990059733390808,
        0.01199642475694418,
        0.0
      ],
      [
        8.998513221740723,
        19.691009521484375,
        3.5,
        1.0
      ]
    ],
    [
      [
        0.9990766048431396,
        0.042908426374197006,
        -0.0021917764097452164,
        0.0
      ],
      [
        0.0016748501220718026,
        0.012079444713890553,
        0.9999256134033203,
        0.0
      ],
      [
        0.04293171316385269,
        -0.9990059733390808,
        0.01199642475694418,
        0.0
      ],
      [
        8.94206428527832,
        19.717395782470703,
        3.5,
        1.0
      ]
    ],
    [
      [
        0.9990766048431396,
        0.042908426374197006,
        -0.0021917764097452164,
        0.0
      ],
      [
        0.0016748501220718026,
        0.012079444713890553,
        0.9999256134033203,
        0.0
      ],
      [
        0.04293171316385269,
        -0.9990059733390808,
        0.01199642475694418,
        0.0
      ],
      [
        8.903814315795898,
        19.784513473510742,
        3.5,
        1.0
      ]
    ],
    [
      [
        0.9990766048431396,
        0.042908426374197006,
        -0.0021917764097452164,
        0.0
      ],
      [
        0.0016748501220718026,
        0.012079444713890553,
        0.9999256134033203,
        0.0
      ],
      [
        0.04293171316385269,
        -0.9990059733390808,
        0.01199642475694418,
        0.0
      ],
      [
        8.805603981018066,
        19.890792846679688,
        3.5,
        1.0
      ]
    ],
    [
      [
        0.9990766048431396,
        0.042908426374197006,
        -0.0021917764097452164,
        0.0
      ],
      [
        0.0016748501220718026,
        0.012079444713890553,
        0.9999256134033203,
        0.0
      ],
      [
        0.04293171316385269,
        -0.9990059733390808,
        0.01199642475694418,
        0.0
      ],
      [
        8.775124549865723,
        19.91849708557129,
        3.5,
        1.0
      ]
    ],
    [
      [
        0.9990766048431396,
        0.042908426374197006,
        -0.0021917764097452164,
        0.0
      ],
      [
        0.0016748501220718026,
        0.012079444713890553,
        0.9999256134033203,
        0.0
      ],
      [
        0.04293171316385269,
        -0.9990059733390808,
        0.01199642475694418,
        0.0
      ],
      [
        8.7015962600708,
        20.08002471923828,
        3.5,
        1.0
      ]
    ],
    [
      [
        0.9990766048431396,
        0.042908426374197006,
        -0.0021917764097452164,
        0.0
      ],
      [
        0.0016748501220718026,
        0.012079444713890553,
        0.9999256134033203,
        0.0
      ],
      [
        0.04293171316385269,
        -0.9990059733390808,
        0.01199642475694418,
        0.0
      ],
      [
        8.661596298217773,
        20.160024642944336,
        3.5,
        1.0
      ]
    ],
    [
      [
        0.9990766048431396,
        0.042908426374197006,
        -0.0021917764097452164,
        0.0
      ],
      [
        0.0016748501220718026,
        0.012079444713890553,
        0.9999256134033203,
        0.0
      ],
      [
        0.04293171316385269,
        -0.9990059733390808,
        0.01199642475694418,
        0.0
      ],
      [
        8.58104419708252,
        20.321596145629883,
        3.5,
        1.0
      ]
    ],
    [
      [
        0.9990766048431396,
        0.042908426374197006,
        -0.0021917764097452164,
        0.0
      ],
      [
        0.0016748501220718026,
        0.012079444713890553,
        0.9999256134033203,
        0.0
      ],
      [
        0.04293171316385269,
        -0.9990059733390808,
        0.01199642475694418,
        0.0
      ],
      [
        8.437694549560547,
        20.458927154541016,
        3.5,
        1.0
      ]
    ],
    [
      [
        0.9990766048431396,
        0.042908426374197006,
        -0.0021917764097452164,
        0.0
      ],
      [
        0.0016748501220718026,
        0.012079444713890553,
        0.9999256134033203,
        0.0
      ],
      [
        0.04293171316385269,
        -0.9990059733390808,
        0.01199642475694418,
        0.0
      ],
      [
        8.375039100646973,
        20.568923950195312,
        3.5,
        1.0
      ]
    ],
    [
      [
        0.9990766048431396,
        0.042908426374197006,
        -0.0021917764097452164,
        0.0
      ],
      [
        0.0016748501220718026,
        0.012079444713890553,
        0.9999256134033203,
        0.0
      ],
      [
        0.04293171316385269,
        -0.9990059733390808,
        0.01199642475694418,
        0.0
      ],
      [
        8.268606185913086,
        20.674406051635742,
        3.5,
        1.0
      ]
    ],
    [
      [
        0.9990766048431396,
        0.042908426374197006,
        -0.0021917764097452164,
        0.0
      ],
      [
        0.0016748501220718026,
        0.012079444713890553,
        0.9999256134033203,
        0.0
      ],
      [
        0.04293171316385269,
        -0.9990059733390808,
        0.01199642475694418,
        0.0
      ],
      [
        8.038553237915039,
        20.823598861694336,
        3.5,
        1.0
      ]
    ],
    [
      [
        0.9990766048431396,
        0.042908426374197006,
        -0.0021917764097452164,
        0.0
      ],
      [
        0.0016748501220718026,
        0.012079444713890553,
        0.9999256134033203,
        0.0
      ],
      [
        0.04293171316385269,
        -0.9990059733390808,
        0.01199642475694418,
        0.0
      ],
      [
        7.905156135559082,
        20.930545806884766,
        3.5,
        1.0
      ]
    ],
    [
      [
        0.9990766048431396,
        0.042908426374197006,
        -0.0021917764097452164,
        0.0
      ],
      [
        0.0016748501220718026,
        0.012079444713890553,
        0.9999256134033203,
        0.0
      ],
      [
        0.04293171316385269,
        -0.9990059733390808,
        0.01199642475694418,
        0.0
      ],
      [
        7.804144859313965,
        21.874303817749023,
        3.5,
        1.0
      ]
    ],
    [
      [
        0.9990766048431396,
        0.042908426374197006,
        -0.0021917764097452164,
        0.0
      ],
      [
        0.0016748501220718026,
        0.012079444713890553,
        0.9999256134033203,
        0.0
      ],
      [
        0.04293171316385269,
        -0.9990059733390808,
        0.01199642475694418,
        0.0
      ],
      [
        7.758706092834473,
        21.984405517578125,
        3.5,
        1.0
      ]
    ],
    [
      [
        0.9990766048431396,
        0.042908426374197006,
        -0.0021917764097452164,
        0.0
      ],
      [
        0.0016748501220718026,
        0.012079444713890553,
        0.9999256134033203,
        0.0
      ],
      [
        0.04293171316385269,
        -0.9990059733390808,
        0.01199642475694418,
        0.0
      ],
      [
        7.554164886474609,
        22.918045043945312,
        3.5,
        1.0
      ]
    ],
    [
      [
        0.9990766048431396,
        0.042908426374197006,
        -0.0021917764097452164,
        0.0
      ],
      [
        0.0016748501220718026,
        0.012079444713890553,
        0.9999256134033203,
        0.0
      ],
      [
        0.04293171316385269,
        -0.9990059733390808,
        0.01199642475694418,
        0.0
      ],
      [
        7.46413516998291,
        23.131214141845703,
        3.5,
        1.0
      ]
    ]
  ],
  "c2w": [
    [
      [
        0.9999400973320007,
        -0.004128433298319578,
        -0.010136648081243038,
        0.25929465889930725
      ],
      [
        0.010220956988632679,
        0.020939556881785393,
        0.9997285008430481,
        -3.453960657119751
      ],
      [
        -0.003915055189281702,
        -0.9997722506523132,
        0.02098049968481064,
        -2.1138014793395996
      ],
      [
        0.0,
        0.0,
        0.0,
        1.0
      ]
    ],
    [
      [
        0.9999400973320007,
        -0.004128433298319578,
        -0.010136648081243038,
        0.05433496832847595
      ],
      [
        0.010220956988632679,
        0.020939556881785393,
        0.9997285008430481,
        -3.430788516998291
      ],
      [
        -0.003915055189281702,
        -0.9997722506523132,
        0.02098049968481064,
        -3.3169963359832764
      ],
      [
        0.0,
        0.0,
        0.0,
        1.0
      ]
    ],
    [
      [
        0.9999400973320007,
        -0.003915055189281702,
        0.010220956988632679,
        0.715333878993988
      ],
      [
        -0.010136648081243038,
        0.02098049968481064,
        0.9997285008430481,
        -3.5008888244628906
      ],
      [
        -0.004128433298319578,
        -0.9997722506523132,
        0.020939556881785393,
        -0.35211417078971863
      ],
      [
        0.0,
        0.0,
        0.0,
        1.0
      ]
    ],
    [
      [
        0.9990766048431396,
        0.042908430099487305,
        -0.00219177664257586,
        -11.038150787353516
      ],
      [
        0.0016748501220718026,
        0.012079444713890553,
        0.9999256730079651,
        -3.740591287612915
      ],
      [
        0.04293171316385269,
        -0.9990059733390808,
        0.011996425688266754,
        18.015357971191406
      ],
      [
        0.0,
        0.0,
        0.0,
        1.0
      ]
    ],
    [
      [
        0.9990766048431396,
        0.042908430099487305,
        -0.00219177664257586,
        -10.868602752685547
      ],
      [
        0.0016748501220718026,
        0.012079444713890553,
        0.9999256730079651,
        -3.7415077686309814
      ],
      [
        0.04293171316385269,
        -0.9990059733390808,
        0.011996425688266754,
        18.12272834777832
      ],
      [
        0.0,
        0.0,
        0.0,
        1.0
      ]
    ],
    [
      [
        0.9990766048431396,
        0.042908430099487305,
        -0.00219177664257586,
        -10.744306564331055
      ],
      [
        0.0016748501220718026,
        0.012079444713890553,
        0.9999256730079651,
        -3.7437009811401367
      ],
      [
        0.04293171316385269,
        -0.9990059733390808,
        0.011996425688266754,
        18.32823944091797
      ],
      [
        0.0,
        0.0,
        0.0,
        1.0
      ]
    ],
    [
      [
        0.9990766048431396,
        0.042908430099487305,
        -0.00219177664257586,
        -10.49170970916748
      ],
      [
        0.0016748501220718026,
        0.012079444713890553,
        0.9999256730079651,
        -3.744647264480591
      ],
      [
        0.04293171316385269,
        -0.9990059733390808,
        0.011996425688266754,
        18.453266143798828
      ],
      [
        0.0,
        0.0,
        0.0,
        1.0
      ]
    ],
    [
      [
        0.9990766048431396,
        0.042908430099487305,
        -0.00219177664257586,
        -10.452765464782715
      ],
      [
        0.0016748501220718026,
        0.012079444713890553,
        0.9999256730079651,
        -3.7454261779785156
      ],
      [
        0.04293171316385269,
        -0.9990059733390808,
        0.011996425688266754,
        18.525299072265625
      ],
      [
        0.0,
        0.0,
        0.0,
        1.0
      ]
    ],
    [
      [
        0.9990766048431396,
        0.042908430099487305,
        -0.00219177664257586,
        -10.382266998291016
      ],
      [
        0.0016748501220718026,
        0.012079444713890553,
        0.9999256730079651,
        -3.747514486312866
      ],
      [
        0.04293171316385269,
        -0.9990059733390808,
        0.011996425688266754,
        18.712251663208008
      ],
      [
        0.0,
        0.0,
        0.0,
        1.0
      ]
    ],
    [
      [
        0.9990766048431396,
        0.042908430099487305,
        -0.00219177664257586,
        -10.311456680297852
      ],
      [
        0.0016748501220718026,
        0.012079444713890553,
        0.9999256730079651,
        -3.7477784156799316
      ],
      [
        0.04293171316385269,
        -0.9990059733390808,
        0.011996425688266754,
        18.747180938720703
      ],
      [
        0.0,
        0.0,
        0.0,
        1.0
      ]
    ],
    [
      [
        0.9990766048431396,
        0.042908430099487305,
        -0.00219177664257586,
        -10.158201217651367
      ],
      [
        0.0016748501220718026,
        0.012079444713890553,
        0.9999256730079651,
        -3.74916410446167
      ],
      [
        0.04293171316385269,
        -0.9990059733390808,
        0.011996425688266754,
        18.89067840576172
      ],
      [
        0.0,
        0.0,
        0.0,
        1.0
      ]
    ],
    [
      [
        0.9990766048431396,
        0.042908430099487305,
        -0.00219177664257586,
        -10.1055908203125
      ],
      [
        0.0016748501220718026,
        0.012079444713890553,
        0.9999256730079651,
        -3.749891757965088
      ],
      [
        0.04293171316385269,
        -0.9990059733390808,
        0.011996425688266754,
        18.960960388183594
      ],
      [
        0.0,
        0.0,
        0.0,
        1.0
      ]
    ],
    [
      [
        0.9990766048431396,
        0.042908430099487305,
        -0.00219177664257586,
        -10.100799560546875
      ],
      [
        0.0016748501220718026,
        0.012079444713890553,
        0.9999256730079651,
        -3.7505922317504883
      ],
      [
        0.04293171316385269,
        -0.9990059733390808,
        0.011996425688266754,
        19.02021598815918
      ],
      [
        0.0,
        0.0,
        0.0,
        1.0
      ]
    ],
    [
      [
        0.9990766048431396,
        0.042908430099487305,
        -0.00219177664257586,
        -10.035460472106934
      ],
      [
        0.0016748501220718026,
        0.012079444713890553,
        0.9999256730079651,
        -3.7509632110595703
      ],
      [
        0.04293171316385269,
        -0.9990059733390808,
        0.011996425688266754,
        19.06307029724121
      ],
      [
        0.0,
        0.0,
        0.0,
        1.0
      ]
    ],
    [
      [
        0.9990766048431396,
        0.042908430099487305,
        -0.00219177664257586,
        -9.900188446044922
      ],
      [
        0.0016748501220718026,
        0.012079444713890553,
        0.9999256730079651,
        -3.7520039081573486
      ],
      [
        0.04293171316385269,
        -0.9990059733390808,
        0.011996425688266754,
        19.174522399902344
      ],
      [
        0.0,
        0.0,
        0.0,
        1.0
      ]
    ],
    [
      [
        0.9990766048431396,
        0.042908430099487305,
        -0.00219177664257586,
        -9.82744312286377
      ],
      [
        0.0016748501220718026,
        0.012079444713890553,
        0.9999256730079651,
        -3.7526674270629883
      ],
      [
        0.04293171316385269,
        -0.9990059733390808,
        0.011996425688266754,
        19.243127822875977
      ],
      [
        0.0,
        0.0,
        0.0,
        1.0
      ]
    ],
    [
      [
        0.9990766048431396,
        0.042908430099487305,
        -0.00219177664257586,
        -9.772178649902344
      ],
      [
        0.0016748501220718026,
        0.012079444713890553,
        0.9999256730079651,
        -3.7528915405273438
      ],
      [
        0.04293171316385269,
        -0.9990059733390808,
        0.011996425688266754,
        19.27191162109375
      ],
      [
        0.0,
        0.0,
        0.0,
        1.0
      ]
    ],
    [
      [
        0.9990766048431396,
        0.042908430099487305,
        -0.00219177664257586,
        -9.736844062805176
      ],
      [
        0.0016748501220718026,
        0.012079444713890553,
        0.9999256730079651,
        -3.75363826751709
      ],
      [
        0.04293171316385269,
        -0.9990059733390808,
        0.011996425688266754,
        19.340604782104492
      ],
      [
        0.0,
        0.0,
        0.0,
        1.0
      ]
    ],
    [
      [
        0.9990766048431396,
        0.042908430099487305,
        -0.00219177664257586,
        -9.643284797668457
      ],
      [
        0.0016748501220718026,
        0.012079444713890553,
        0.9999256730079651,
        -3.7547576427459717
      ],
      [
        0.04293171316385269,
        -0.9990059733390808,
        0.011996425688266754,
        19.45099449157715
      ],
      [
        0.0,
        0.0,
        0.0,
        1.0
      ]
    ],
    [
      [
        0.9990766048431396,
        0.042908430099487305,
        -0.00219177664257586,
        -9.614022254943848
      ],
      [
        0.0016748501220718026,
        0.012079444713890553,
        0.9999256730079651,
        -3.7550411224365234
      ],
      [
        0.04293171316385269,
        -0.9990059733390808,
        0.011996425688266754,
        19.479978561401367
      ],
      [
        0.0,
        0.0,
        0.0,
        1.0
      ]
    ],
    [
      [
        0.9990766048431396,
        0.042908430099487305,
        -0.00219177664257586,
        -9.547492027282715
      ],
      [
        0.0016748501220718026,
        0.012079444713890553,
        0.9999256730079651,
        -3.756869316101074
      ],
      [
        0.04293171316385269,
        -0.9990059733390808,
        0.011996425688266754,
        19.644502639770508
      ],
      [
        0.0,
        0.0,
        0.0,
        1.0
      ]
    ],
    [
      [
        0.9990766048431396,
        0.042908430099487305,
        -0.00219177664257586,
        -9.510961532592773
      ],
      [
        0.0016748501220718026,
        0.012079444713890553,
        0.9999256730079651,
        -3.7577686309814453
      ],
      [
        0.04293171316385269,
        -0.9990059733390808,
        0.011996425688266754,
        19.72614097595215
      ],
      [
        0.0,
        0.0,
        0.0,
        1.0
      ]
    ],
    [
      [
        0.9990766048431396,
        0.042908430099487305,
        -0.00219177664257586,
        -9.437417030334473
      ],
      [
        0.0016748501220718026,
        0.012079444713890553,
        0.9999256730079651,
        -3.759585380554199
      ],
      [
        0.04293171316385269,
        -0.9990059733390808,
        0.011996425688266754,
        19.891010284423828
      ],
      [
        0.0,
        0.0,
        0.0,
        1.0
      ]
    ],
    [
      [
        0.9990766048431396,
        0.042908430099487305,
        -0.00219177664257586,
        -9.300092697143555
      ],
      [
        0.0016748501220718026,
        0.012079444713890553,
        0.9999256730079651,
        -3.7610042095184326
      ],
      [
        0.04293171316385269,
        -0.9990059733390808,
        0.011996425688266754,
        20.034358978271484
      ],
      [
        0.0,
        0.0,
        0.0,
        1.0
      ]
    ],
    [
      [
        0.9990766048431396,
        0.042908430099487305,
        -0.00219177664257586,
        -9.24221420288086
      ],
      [
        0.0016748501220718026,
        0.012079444713890553,
        0.9999256730079651,
        -3.762228012084961
      ],
      [
        0.04293171316385269,
        -0.9990059733390808,
        0.011996425688266754,
        20.146936416625977
      ],
      [
        0.0,
        0.0,
        0.0,
        1.0
      ]
    ],
    [
      [
        0.9990766048431396,
        0.042908430099487305,
        -0.00219177664257586,
        -9.140405654907227
      ],
      [
        0.0016748501220718026,
        0.012079444713890553,
        0.9999256730079651,
        -3.7633237838745117
      ],
      [
        0.04293171316385269,
        -0.9990059733390808,
        0.011996425688266754,
        20.256881713867188
      ],
      [
        0.0,
        0.0,
        0.0,
        1.0
      ]
    ],
    [
      [
        0.9990766048431396,
        0.042908430099487305,
        -0.00219177664257586,
        -8.916967391967773
      ],
      [
        0.0016748501220718026,
        0.012079444713890553,
        0.9999256730079651,
        -3.7647407054901123
      ],
      [
        0.04293171316385269,
        -0.9990059733390808,
        0.011996425688266754,
        20.415803909301758
      ],
      [
        0.0,
        0.0,
        0.0,
        1.0
      ]
    ],
    [
      [
        0.9990766048431396,
        0.042908430099487305,
        -0.00219177664257586,
        -8.78828239440918
      ],
      [
        0.0016748501220718026,
        0.012079444713890553,
        0.9999256730079651,
        -3.7658090591430664
      ],
      [
        0.04293171316385269,
        -0.9990059733390808,
        0.011996425688266754,
        20.528371810913086
      ],
      [
        0.0,
        0.0,
        0.0,
        1.0
      ]
    ],
    [
      [
        0.9990766048431396,
        0.042908430099487305,
        -0.00219177664257586,
        -8.727859497070312
      ],
      [
        0.0016748501220718026,
        0.012079444713890553,
        0.9999256730079651,
        -3.7770400047302246
      ],
      [
        0.04293171316385269,
        -0.9990059733390808,
        0.011996425688266754,
        21.475528717041016
      ],
      [
        0.0,
        0.0,
        0.0,
        1.0
      ]
    ],
    [
      [
        0.9990766048431396,
        0.042908430099487305,
        -0.00219177664257586,
        -8.687187194824219
      ],
      [
        0.0016748501220718026,
        0.012079444713890553,
        0.9999256730079651,
        -3.7782938480377197
      ],
      [
        0.04293171316385269,
        -0.9990059733390808,
        0.011996425688266754,
        21.58747100830078
      ],
      [
        0.0,
        0.0,
        0.0,
        1.0
      ]
    ],
    [
      [
        0.9990766048431396,
        0.042908430099487305,
        -0.00219177664257586,
        -8.522895812988281
      ],
      [
        0.0016748501220718026,
        0.012079444713890553,
        0.9999256730079651,
        -3.789229154586792
      ],
      [
        0.04293171316385269,
        -0.9990059733390808,
        0.011996425688266754,
        22.528963088989258
      ],
      [
        0.0,
        0.0,
        0.0,
        1.0
      ]
    ],
    [
      [
        0.9990766048431396,
        0.042908430099487305,
        -0.00219177664257586,
        -8.442095756530762
      ],
      [
        0.0016748501220718026,
        0.012079444713890553,
        0.9999256730079651,
        -3.7916533946990967
      ],
      [
        0.04293171316385269,
        -0.9990059733390808,
        0.011996425688266754,
        22.745786666870117
      ],
      [
        0.0,
        0.0,
        0.0,
        1.0
      ]
    ]
  ],
  "full_proj_transform": [
    [
      [
        0.6365818381309509,
        -0.0026282428298145533,
        -0.010137663222849369,
        -0.010136649012565613
      ],
      [
        0.0065068649128079414,
        0.013330540619790554,
        0.9998285174369812,
        0.9997285008430481
      ],
      [
        -0.002492402447387576,
        -0.6364749670028687,
        0.020982597023248672,
        0.02098049782216549
      ],
      [
        -0.14785626530647278,
        -1.2986570596694946,
        3.490349054336548,
        3.5
      ]
    ],
    [
      [
        0.6365818381309509,
        -0.0026282428298145533,
        -0.010137663222849369,
        -0.010136649012565613
      ],
      [
        0.0065068649128079414,
        0.013330540619790554,
        0.9998285174369812,
        0.9997285008430481
      ],
      [
        -0.002492402447387576,
        -0.6364749670028687,
        0.020982597023248672,
        0.02098049782216549
      ],
      [
        -0.020532267168164253,
        -2.065308094024658,
        3.490349054336548,
        3.5
      ]
    ],
    [
      [
        0.6365818381309509,
        -0.002492402447387576,
        0.010221978649497032,
        0.010220956057310104
      ],
      [
        -0.006453193258494139,
        0.013356604613363743,
        0.9998285174369812,
        0.9997285008430481
      ],
      [
        -0.0026282428298145533,
        -0.6364749670028687,
        0.02094165049493313,
        0.020939556881785393
      ],
      [
        -0.4788859486579895,
        -0.17556896805763245,
        3.490349054336548,
        3.5
      ]
    ],
    [
      [
        0.6360321044921875,
        0.027316361665725708,
        -0.0021919957362115383,
        -0.0021917764097452164
      ],
      [
        0.0010662430431693792,
        0.007690015714615583,
        1.0000256299972534,
        0.9999256134033203
      ],
      [
        0.027331186458468437,
        -0.6359871625900269,
        0.011997624300420284,
        0.01199642475694418
      ],
      [
        6.532225608825684,
        11.787823677062988,
        3.490349054336548,
        3.5
      ]
    ],
    [
      [
        0.6360321044921875,
        0.027316361665725708,
        -0.0021919957362115383,
        -0.0021917764097452164
      ],
      [
        0.0010662430431693792,
        0.007690015714615583,
        1.0000256299972534,
        0.9999256134033203
      ],
      [
        0.027331186458468437,
        -0.6359871625900269,
        0.011997624300420284,
        0.01199642475694418
      ],
      [
        6.421453952789307,
        11.851486206054688,
        3.490349054336548,
        3.5
      ]
    ],
    [
      [
        0.6360321044921875,
        0.027316361665725708,
        -0.0021919957362115383,
        -0.0021917764097452164
      ],
      [
        0.0010662430431693792,
        0.007690015714615583,
        1.0000256299972534,
        0.9999256134033203
      ],
      [
        0.027331186458468437,
        -0.6359871625900269,
        0.011997624300420284,
        0.01199642475694418
      ],
      [
        6.336783409118652,
        11.978809356689453,
        3.490349054336548,
        3.5
      ]
    ],
    [
      [
        0.6360321044921875,
        0.027316361665725708,
        -0.0021919957362115383,
        -0.0021917764097452164
      ],
      [
        0.0010662430431693792,
        0.007690015714615583,
        1.0000256299972534,
        0.9999256134033203
      ],
      [
        0.027331186458468437,
        -0.6359871625900269,
        0.011997624300420284,
        0.01199642475694418
      ],
      [
        6.172707557678223,
        12.051432609558105,
        3.490349054336548,
        3.5
      ]
    ],
    [
      [
        0.6360321044921875,
        0.027316361665725708,
        -0.0021919957362115383,
        -0.0021917764097452164
      ],
      [
        0.0010662430431693792,
        0.007690015714615583,
        1.0000256299972534,
        0.9999256134033203
      ],
      [
        0.027331186458468437,
        -0.6359871625900269,
        0.011997624300420284,
        0.01199642475694418
      ],
      [
        6.145969390869141,
        12.096186637878418,
        3.490349054336548,
        3.5
      ]
    ],
    [
      [
        0.6360321044921875,
        0.027316361665725708,
        -0.0021919957362115383,
        -0.0021917764097452164
      ],
      [
        0.0010662430431693792,
        0.007690015714615583,
        1.0000256299972534,
        0.9999256134033203
      ],
      [
        0.027331186458468437,
        -0.6359871625900269,
        0.011997624300420284,
        0.01199642475694418
      ],
      [
        6.096023082733154,
        12.213176727294922,
        3.490349054336548,
        3.5
      ]
    ],
    [
      [
        0.6360321044921875,
        0.027316361665725708,
        -0.0021919957362115383,
        -0.0021917764097452164
      ],
      [
        0.0010662430431693792,
        0.007690015714615583,
        1.0000256299972534,
        0.9999256134033203
      ],
      [
        0.027331186458468437,
        -0.6359871625900269,
        0.011997624300420284,
        0.01199642475694418
      ],
      [
        6.0500311851501465,
        12.233458518981934,
        3.490349054336548,
        3.5
      ]
    ],
    [
      [
        0.6360321044921875,
        0.027316361665725708,
        -0.0021919957362115383,
        -0.0021917764097452164
      ],
      [
        0.0010662430431693792,
        0.007690015714615583,
        1.0000256299972534,
        0.9999256134033203
      ],
      [
        0.027331186458468437,
        -0.6359871625900269,
        0.011997624300420284,
        0.01199642475694418
      ],
      [
        5.948635101318359,
        12.32054615020752,
        3.490349054336548,
        3.5
      ]
    ],
    [
      [
        0.6360321044921875,
        0.027316361665725708,
        -0.0021919957362115383,
        -0.0021917764097452164
      ],
      [
        0.0010662430431693792,
        0.007690015714615583,
        1.0000256299972534,
        0.9999256134033203
      ],
      [
        0.027331186458468437,
        -0.6359871625900269,
        0.011997624300420284,
        0.01199642475694418
      ],
      [
        5.913253307342529,
        12.363812446594238,
        3.490349054336548,
        3.5
      ]
    ],
    [
      [
        0.6360321044921875,
        0.027316361665725708,
        -0.0021919957362115383,
        -0.0021917764097452164
      ],
      [
        0.0010662430431693792,
        0.007690015714615583,
        1.0000256299972534,
        0.9999256134033203
      ],
      [
        0.027331186458468437,
        -0.6359871625900269,
        0.011997624300420284,
        0.01199642475694418
      ],
      [
        5.908587455749512,
        12.401372909545898,
        3.490349054336548,
        3.5
      ]
    ],
    [
      [
        0.6360321044921875,
        0.027316361665725708,
        -0.0021919957362115383,
        -0.0021917764097452164
      ],
      [
        0.0010662430431693792,
        0.007690015714615583,
        1.0000256299972534,
        0.9999256134033203
      ],
      [
        0.027331186458468437,
        -0.6359871625900269,
        0.011997624300420284,
        0.01199642475694418
      ],
      [
        5.86585807800293,
        12.42684555053711,
        3.490349054336548,
        3.5
      ]
    ],
    [
      [
        0.6360321044921875,
        0.027316361665725708,
        -0.0021919957362115383,
        -0.0021917764097452164
      ],
      [
        0.0010662430431693792,
        0.007690015714615583,
        1.0000256299972534,
        0.9999256134033203
      ],
      [
        0.027331186458468437,
        -0.6359871625900269,
        0.011997624300420284,
        0.01199642475694418
      ],
      [
        5.776776313781738,
        12.494039535522461,
        3.490349054336548,
        3.5
      ]
    ],
    [
      [
        0.6360321044921875,
        0.027316361665725708,
        -0.0021919957362115383,
        -0.0021917764097452164
      ],
      [
        0.0010662430431693792,
        0.007690015714615583,
        1.0000256299972534,
        0.9999256134033203
      ],
      [
        0.027331186458468437,
        -0.6359871625900269,
        0.011997624300420284,
        0.01199642475694418
      ],
      [
        5.728633403778076,
        12.535690307617188,
        3.490349054336548,
        3.5
      ]
    ],
    [
      [
        0.6360321044921875,
        0.027316361665725708,
        -0.0021919957362115383,
        -0.0021917764097452164
      ],
      [
        0.0010662430431693792,
        0.007690015714615583,
        1.0000256299972534,
        0.9999256134033203
      ],
      [
        0.027331186458468437,
        -0.6359871625900269,
        0.011997624300420284,
        0.01199642475694418
      ],
      [
        5.692697048187256,
        12.552488327026367,
        3.490349054336548,
        3.5
      ]
    ],
    [
      [
        0.6360321044921875,
        0.027316361665725708,
        -0.0021919957362115383,
        -0.0021917764097452164
      ],
      [
        0.0010662430431693792,
        0.007690015714615583,
        1.0000256299972534,
        0.9999256134033203
      ],
      [
        0.027331186458468437,
        -0.6359871625900269,
        0.011997624300420284,
        0.01199642475694418
      ],
      [
        5.668345928192139,
        12.595216751098633,
        3.490349054336548,
        3.5
      ]
    ],
    [
      [
        0.6360321044921875,
        0.027316361665725708,
        -0.0021919957362115383,
        -0.0021917764097452164
      ],
      [
        0.0010662430431693792,
        0.007690015714615583,
        1.0000256299972534,
        0.9999256134033203
      ],
      [
        0.027331186458468437,
