{
  "world_view_transform": [
    [
      [
        0.9999400973320007,
        -0.004128432832658291,
        -0.010136649012565613,
        0.0
      ],
      [
        0.010220956057310104,
        0.020939556881785393,
        0.9997285008430481,
        0.0
      ],
      [
        -0.003915055189281702,
        -0.9997721910476685,
        0.02098049782216549,
        0.0
      ],
      [
        0.2697019875049591,
        -1.5419930219650269,
        3.5,
        1.0
      ]
    ],
    [
      [
        0.9999400973320007,
        -0.004128432832658291,
        -0.010136649012565613,
        0.0
      ],
      [
        0.010220956057310104,
        0.020939556881785393,
        0.9997285008430481,
        0.0
      ],
      [
        -0.003915055189281702,
        -0.9997721910476685,
        0.02098049782216549,
        0.0
      ],
      [
        0.46970200538635254,
        -2.7462449073791504,
        3.5,
        1.0
      ]
    ],
    [
      [
        0.9999400973320007,
        -0.003915055189281702,
        0.010220956057310104,
        0.0
      ],
      [
        -0.010136649012565613,
        0.02098049782216549,
        0.9997285008430481,
        0.0
      ],
      [
        -0.004128432832658291,
        -0.9997721910476685,
        0.020939556881785393,
        0.0
      ],
      [
        -0.2501710057258606,
        0.22225500643253326,
        3.5,
        1.0
      ]
    ],
    [
      [
        0.9990766048431396,
        0.042908426374197006,
        -0.0021917764097452164,
        0.0
      ],
      [
        0.0016748501220718026,
        0.012079444713890553,
        0.9999256134033203,
        0.0
      ],
      [
        0.04293171316385269,
        -0.9990059733390808,
        0.01199642475694418,
        0.0
      ],
      [
        10.738865852355957,
        19.037256240844727,
        3.5,
        1.0
      ]
    ],
    [
      [
        0.9990766048431396,
        0.042908426374197006,
        -0.0021917764097452164,
        0.0
      ],
      [
        0.0016748501220718026,
        0.012079444713890553,
        0.9999256134033203,
        0.0
      ],
      [
        0.04293171316385269,
        -0.9990059733390808,
        0.01199642475694418,
        0.0
      ],
      [
        10.564866065979004,
        19.137256622314453,
        3.5,
        1.0
      ]
    ],
    [
      [
        0.9990766048431396,
        0.042908426374197006,
        -0.0021917764097452164,
        0.0
      ],
      [
        0.0016748501220718026,
        0.012079444713890553,
        0.9999256134033203,
        0.0
      ],
      [
        0.04293171316385269,
        -0.9990059733390808,
        0.01199642475694418,
        0.0
      ],
      [
        10.431865692138672,
        19.337257385253906,
        3.5,
        1.0
      ]
    ],
    [
      [
        0.9990766048431396,
        0.042908426374197006,
        -0.0021917764097452164,
        0.0
      ],
      [
        0.0016748501220718026,
        0.012079444713890553,
        0.9999256134033203,
        0.0
      ],
      [
        0.04293171316385269,
        -0.9990059733390808,
        0.01199642475694418,
        0.0
      ],
      [
        10.1741361618042,
        19.451332092285156,
        3.5,
        1.0
      ]
    ],
    [
      [
        0.9990766048431396,
        0.042908426374197006,
        -0.0021917764097452164,
        0.0
      ],
      [
        0.0016748501220718026,
        0.012079444713890553,
        0.9999256134033203,
        0.0
      ],
      [
        0.04293171316385269,
        -0.9990059733390808,
        0.01199642475694418,
        0.0
      ],
      [
        10.132136344909668,
        19.521631240844727,
        3.5,
        1.0
      ]
    ],
    [
      [
        0.9990766048431396,
        0.042908426374197006,
        -0.0021917764097452164,
        0.0
      ],
      [
        0.0016748501220718026,
        0.012079444713890553,
        0.9999256134033203,
        0.0
      ],
      [
        0.04293171316385269,
        -0.9990059733390808,
        0.01199642475694418,
        0.0
      ],
      [
        10.053680419921875,
        19.705398559570312,
        3.5,
        1.0
      ]
    ],
    [
      [
        0.9990766048431396,
        0.042908426374197006,
        -0.0021917764097452164,
        0.0
      ],
      [
        0.0016748501220718026,
        0.012079444713890553,
        0.9999256134033203,
        0.0
      ],
      [
        0.04293171316385269,
        -0.9990059733390808,
        0.01199642475694418,
        0.0
      ],
      [
        9.981436729431152,
        19.73725700378418,
        3.5,
        1.0
      ]
    ],
    [
      [
        0.9990766048431396,
        0.042908426374197006,
        -0.0021917764097452164,
        0.0
      ],
      [
        0.0016748501220718026,
        0.012079444713890553,
        0.9999256134033203,
        0.0
      ],
      [
        0.04293171316385269,
        -0.9990059733390808,
        0.01199642475694418,
        0.0
      ],
      [
        9.822163581848145,
        19.874055862426758,
        3.5,
        1.0
      ]
    ],
    [
      [
        0.9990766048431396,
        0.042908426374197006,
        -0.0021917764097452164,
        0.0
      ],
      [
        0.0016748501220718026,
        0.012079444713890553,
        0.9999256134033203,
        0.0
      ],
      [
        0.04293171316385269,
        -0.9990059733390808,
        0.01199642475694418,
        0.0
      ],
      [
        9.766586303710938,
        19.942018508911133,
        3.5,
        1.0
      ]
    ],
    [
      [
        0.9990766048431396,
        0.042908426374197006,
        -0.0021917764097452164,
        0.0
      ],
      [
        0.0016748501220718026,
        0.012079444713890553,
        0.9999256134033203,
        0.0
      ],
      [
        0.04293171316385269,
        -0.9990059733390808,
        0.01199642475694418,
        0.0
      ],
      [
        9.759257316589355,
        20.001018524169922,
        3.5,
        1.0
      ]
    ],
    [
      [
        0.9990766048431396,
        0.042908426374197006,
        -0.0021917764097452164,
        0.0
      ],
      [
        0.0016748501220718026,
        0.012079444713890553,
        0.9999256134033203,
        0.0
      ],
      [
        0.04293171316385269,
        -0.9990059733390808,
        0.01199642475694418,
        0.0
      ],
      [
        9.692138671875,
        20.04102897644043,
        3.5,
        1.0
      ]
    ],
    [
      [
        0.9990766048431396,
        0.042908426374197006,
        -0.0021917764097452164,
        0.0
      ],
      [
        0.0016748501220718026,
        0.012079444713890553,
        0.9999256134033203,
        0.0
      ],
      [
        0.04293171316385269,
        -0.9990059733390808,
        0.01199642475694418,
        0.0
      ],
      [
        9.55220890045166,
        20.146577835083008,
        3.5,
        1.0
      ]
    ],
    [
      [
        0.9990766048431396,
        0.042908426374197006,
        -0.0021917764097452164,
        0.0
      ],
      [
        0.0016748501220718026,
        0.012079444713890553,
        0.9999256134033203,
        0.0
      ],
      [
        0.04293171316385269,
        -0.9990059733390808,
        0.01199642475694418,
        0.0
      ],
      [
        9.47658634185791,
        20.21200180053711,
        3.5,
        1.0
      ]
    ],
    [
      [
        0.9990766048431396,
        0.042908426374197006,
        -0.0021917764097452164,
        0.0
      ],
      [
        0.0016748501220718026,
        0.012079444713890553,
        0.9999256134033203,
        0.0
      ],
      [
        0.04293171316385269,
        -0.9990059733390808,
        0.01199642475694418,
        0.0
      ],
      [
        9.420137405395508,
        20.238388061523438,
        3.5,
        1.0
      ]
    ],
    [
      [
        0.9990766048431396,
        0.042908426374197006,
        -0.0021917764097452164,
        0.0
      ],
      [
        0.0016748501220718026,
        0.012079444713890553,
        0.9999256134033203,
        0.0
      ],
      [
        0.04293171316385269,
        -0.9990059733390808,
        0.01199642475694418,
        0.0
      ],
      [
        9.381887435913086,
        20.305505752563477,
        3.5,
        1.0
      ]
    ],
    [
      [
        0.9990766048431396,
        0.042908426374197006,
        -0.0021917764097452164,
        0.0
      ],
      [
        0.0016748501220718026,
        0.012079444713890553,
        0.9999256134033203,
        0.0
      ],
      [
        0.04293171316385269,
        -0.9990059733390808,
        0.01199642475694418,
        0.0
      ],
      [
        9.283677101135254,
        20.411785125732422,
        3.5,
        1.0
      ]
    ],
    [
      [
        0.9990766048431396,
        0.042908426374197006,
        -0.0021917764097452164,
        0.0
      ],
      [
        0.0016748501220718026,
        0.012079444713890553,
        0.9999256134033203,
        0.0
      ],
      [
        0.04293171316385269,
        -0.9990059733390808,
        0.01199642475694418,
        0.0
      ],
      [
        9.25319766998291,
        20.439489364624023,
        3.5,
        1.0
      ]
    ],
    [
      [
        0.9990766048431396,
        0.042908426374197006,
        -0.0021917764097452164,
        0.0
      ],
      [
        0.0016748501220718026,
        0.012079444713890553,
        0.9999256134033203,
        0.0
      ],
      [
        0.04293171316385269,
        -0.9990059733390808,
        0.01199642475694418,
        0.0
      ],
      [
        9.179669380187988,
        20.60101890563965,
        3.5,
        1.0
      ]
    ],
    [
      [
        0.9990766048431396,
        0.042908426374197006,
        -0.0021917764097452164,
        0.0
      ],
      [
        0.0016748501220718026,
        0.012079444713890553,
        0.9999256134033203,
        0.0
      ],
      [
        0.04293171316385269,
        -0.9990059733390808,
        0.01199642475694418,
        0.0
      ],
      [
        9.139669418334961,
        20.681018829345703,
        3.5,
        1.0
      ]
    ],
    [
      [
        0.9990766048431396,
        0.042908426374197006,
        -0.0021917764097452164,
        0.0
      ],
      [
        0.0016748501220718026,
        0.012079444713890553,
        0.9999256134033203,
        0.0
      ],
      [
        0.04293171316385269,
        -0.9990059733390808,
        0.01199642475694418,
        0.0
      ],
      [
        9.059117317199707,
        20.84259033203125,
        3.5,
        1.0
      ]
    ],
    [
      [
        0.9990766048431396,
        0.042908426374197006,
        -0.0021917764097452164,
        0.0
      ],
      [
        0.0016748501220718026,
        0.012079444713890553,
        0.9999256134033203,
        0.0
      ],
      [
        0.04293171316385269,
        -0.9990059733390808,
        0.01199642475694418,
        0.0
      ],
      [
        8.915767669677734,
        20.979921340942383,
        3.5,
        1.0
      ]
    ],
    [
      [
        0.9990766048431396,
        0.042908426374197006,
        -0.0021917764097452164,
        0.0
      ],
      [
        0.0016748501220718026,
        0.012079444713890553,
        0.9999256134033203,
        0.0
      ],
      [
        0.04293171316385269,
        -0.9990059733390808,
        0.01199642475694418,
        0.0
      ],
      [
        8.85311222076416,
        21.089916229248047,
        3.5,
        1.0
      ]
    ],
    [
      [
        0.9990766048431396,
        0.042908426374197006,
        -0.0021917764097452164,
        0.0
      ],
      [
        0.0016748501220718026,
        0.012079444713890553,
        0.9999256134033203,
        0.0
      ],
      [
        0.04293171316385269,
        -0.9990059733390808,
        0.01199642475694418,
        0.0
      ],
      [
        8.746679306030273,
        21.19540023803711,
        3.5,
        1.0
      ]
    ],
    [
      [
        0.9990766048431396,
        0.042908426374197006,
        -0.0021917764097452164,
        0.0
      ],
      [
        0.0016748501220718026,
        0.012079444713890553,
        0.9999256134033203,
        0.0
      ],
      [
        0.04293171316385269,
        -0.9990059733390808,
        0.01199642475694418,
        0.0
      ],
      [
        8.516626358032227,
        21.34459114074707,
        3.5,
        1.0
      ]
    ],
    [
      [
        0.9990766048431396,
        0.042908426374197006,
        -0.0021917764097452164,
        0.0
      ],
      [
        0.0016748501220718026,
        0.012079444713890553,
        0.9999256134033203,
        0.0
      ],
      [
        0.04293171316385269,
        -0.9990059733390808,
        0.01199642475694418,
        0.0
      ],
      [
        8.38322925567627,
        21.4515380859375,
        3.5,
        1.0
      ]
    ],
    [
      [
        0.9990766048431396,
        0.042908426374197006,
        -0.0021917764097452164,
        0.0
      ],
      [
        0.0016748501220718026,
        0.012079444713890553,
        0.9999256134033203,
        0.0
      ],
      [
        0.04293171316385269,
        -0.9990059733390808,
        0.01199642475694418,
        0.0
      ],
      [
        8.282217979431152,
        22.395296096801758,
        3.5,
        1.0
      ]
    ],
    [
      [
        0.9990766048431396,
        0.042908426374197006,
        -0.0021917764097452164,
        0.0
      ],
      [
        0.0016748501220718026,
        0.012079444713890553,
        0.9999256134033203,
        0.0
      ],
      [
        0.04293171316385269,
        -0.9990059733390808,
        0.01199642475694418,
        0.0
      ],
      [
        8.23677921295166,
        22.505399703979492,
        3.5,
        1.0
      ]
    ],
    [
      [
        0.9990766048431396,
        0.042908426374197006,
        -0.0021917764097452164,
        0.0
      ],
      [
        0.0016748501220718026,
        0.012079444713890553,
        0.9999256134033203,
        0.0
      ],
      [
        0.04293171316385269,
        -0.9990059733390808,
        0.01199642475694418,
        0.0
      ],
      [
        8.032238006591797,
        23.439037322998047,
        3.5,
        1.0
      ]
    ],
    [
      [
        0.9990766048431396,
        0.042908426374197006,
        -0.0021917764097452164,
        0.0
      ],
      [
        0.0016748501220718026,
        0.012079444713890553,
        0.9999256134033203,
        0.0
      ],
      [
        0.04293171316385269,
        -0.9990059733390808,
        0.01199642475694418,
        0.0
      ],
      [
        7.9422078132629395,
        23.65220832824707,
        3.5,
        1.0
      ]
    ]
  ],
  "c2w": [
    [
      [
        0.9999400973320007,
        -0.004128433298319578,
        -0.010136648081243038,
        -0.24057358503341675
      ],
      [
        0.010220956988632679,
        0.020939556881785393,
        0.9997285008430481,
        -3.469517707824707
      ],
      [
        -0.003915055189281702,
        -0.9997722506523132,
        0.02098049968481064,
        -1.6140177249908447
      ],
      [
        0.0,
        0.0,
        0.0,
        1.0
      ]
    ],
    [
      [
        0.9999400973320007,
        -0.004128433298319578,
        -0.010136648081243038,
        -0.44553330540657043
      ],
      [
        0.010220956988632679,
        0.020939556881785393,
        0.9997285008430481,
        -3.446345329284668
      ],
      [
        -0.003915055189281702,
        -0.9997722506523132,
        0.02098049968481064,
        -2.8172123432159424
      ],
      [
        0.0,
        0.0,
        0.0,
        1.0
      ]
    ],
    [
      [
        0.9999400973320007,
        -0.003915055189281702,
        0.010220956988632679,
        0.2152528166770935
      ],
      [
        -0.010136648081243038,
        0.02098049968481064,
        0.9997285008430481,
        -3.506248712539673
      ],
      [
        -0.004128433298319578,
        -0.9997722506523132,
        0.020939556881785393,
        0.14788313210010529
      ],
      [
        0.0,
        0.0,
        0.0,
        1.0
      ]
    ],
    [
      [
        0.9990766048431396,
        0.042908430099487305,
        -0.00219177664257586,
        -11.538137435913086
      ],
      [
        0.0016748501220718026,
        0.012079444713890553,
        0.9999256730079651,
        -3.747685194015503
      ],
      [
        0.04293171316385269,
        -0.9990059733390808,
        0.011996425688266754,
        18.515308380126953
      ],
      [
        0.0,
        0.0,
        0.0,
        1.0
      ]
    ],
    [
      [
        0.9990766048431396,
        0.042908430099487305,
        -0.00219177664257586,
        -11.3685884475708
      ],
      [
        0.0016748501220718026,
        0.012079444713890553,
        0.9999256730079651,
        -3.7486019134521484
      ],
      [
        0.04293171316385269,
        -0.9990059733390808,
        0.011996425688266754,
        18.622678756713867
      ],
      [
        0.0,
        0.0,
        0.0,
        1.0
      ]
    ],
    [
      [
        0.9990766048431396,
        0.042908430099487305,
        -0.00219177664257586,
        -11.244293212890625
      ],
      [
        0.0016748501220718026,
        0.012079444713890553,
        0.9999256730079651,
        -3.7507948875427246
      ],
      [
        0.04293171316385269,
        -0.9990059733390808,
        0.011996425688266754,
        18.828189849853516
      ],
      [
        0.0,
        0.0,
        0.0,
        1.0
      ]
    ],
    [
      [
        0.9990766048431396,
        0.042908430099487305,
        -0.00219177664257586,
        -10.99169635772705
      ],
      [
        0.0016748501220718026,
        0.012079444713890553,
        0.9999256730079651,
        -3.7517411708831787
      ],
      [
        0.04293171316385269,
        -0.9990059733390808,
        0.011996425688266754,
        18.953216552734375
      ],
      [
        0.0,
        0.0,
        0.0,
        1.0
      ]
    ],
    [
      [
        0.9990766048431396,
        0.042908430099487305,
        -0.00219177664257586,
        -10.952752113342285
      ],
      [
        0.0016748501220718026,
        0.012079444713890553,
        0.9999256730079651,
        -3.7525200843811035
      ],
      [
        0.04293171316385269,
        -0.9990059733390808,
        0.011996425688266754,
        19.025249481201172
      ],
      [
        0.0,
        0.0,
        0.0,
        1.0
      ]
    ],
    [
      [
        0.9990766048431396,
        0.042908430099487305,
        -0.00219177664257586,
        -10.882253646850586
      ],
      [
        0.0016748501220718026,
        0.012079444713890553,
        0.9999256730079651,
        -3.754608392715454
      ],
      [
        0.04293171316385269,
        -0.9990059733390808,
        0.011996425688266754,
        19.212202072143555
      ],
      [
        0.0,
        0.0,
        0.0,
        1.0
      ]
    ],
    [
      [
        0.9990766048431396,
        0.042908430099487305,
        -0.00219177664257586,
        -10.811443328857422
      ],
      [
        0.0016748501220718026,
        0.012079444713890553,
        0.9999256730079651,
        -3.7548723220825195
      ],
      [
        0.04293171316385269,
        -0.9990059733390808,
        0.011996425688266754,
        19.247129440307617
      ],
      [
        0.0,
        0.0,
        0.0,
        1.0
      ]
    ],
    [
      [
        0.9990766048431396,
        0.042908430099487305,
        -0.00219177664257586,
        -10.658186912536621
      ],
      [
        0.0016748501220718026,
        0.012079444713890553,
        0.9999256730079651,
        -3.756258010864258
      ],
      [
        0.04293171316385269,
        -0.9990059733390808,
        0.011996425688266754,
        19.3906307220459
      ],
      [
        0.0,
        0.0,
        0.0,
        1.0
      ]
    ],
    [
      [
        0.9990766048431396,
        0.042908430099487305,
        -0.00219177664257586,
        -10.60557746887207
      ],
      [
        0.0016748501220718026,
        0.012079444713890553,
        0.9999256730079651,
        -3.756985902786255
      ],
      [
        0.04293171316385269,
        -0.9990059733390808,
        0.011996425688266754,
        19.460912704467773
      ],
      [
        0.0,
        0.0,
        0.0,
        1.0
      ]
    ],
    [
      [
        0.9990766048431396,
        0.042908430099487305,
        -0.00219177664257586,
        -10.600787162780762
      ],
      [
        0.0016748501220718026,
        0.012079444713890553,
        0.9999256730079651,
        -3.7576863765716553
      ],
      [
        0.04293171316385269,
        -0.9990059733390808,
        0.011996425688266754,
        19.52016830444336
      ],
      [
        0.0,
        0.0,
        0.0,
        1.0
      ]
    ],
    [
      [
        0.9990766048431396,
        0.042908430099487305,
        -0.00219177664257586,
        -10.535447120666504
      ],
      [
        0.0016748501220718026,
        0.012079444713890553,
        0.9999256730079651,
        -3.758057117462158
      ],
      [
        0.04293171316385269,
        -0.9990059733390808,
        0.011996425688266754,
        19.563020706176758
      ],
      [
        0.0,
        0.0,
        0.0,
        1.0
      ]
    ],
    [
      [
        0.9990766048431396,
        0.042908430099487305,
        -0.00219177664257586,
        -10.400175094604492
      ],
      [
        0.0016748501220718026,
        0.012079444713890553,
        0.9999256730079651,
        -3.7590978145599365
      ],
      [
        0.04293171316385269,
        -0.9990059733390808,
        0.011996425688266754,
        19.674470901489258
      ],
      [
        0.0,
        0.0,
        0.0,
        1.0
      ]
    ],
    [
      [
        0.9990766048431396,
        0.042908430099487305,
        -0.00219177664257586,
        -10.32742977142334
      ],
      [
        0.0016748501220718026,
        0.012079444713890553,
        0.9999256730079651,
        -3.759761333465576
      ],
      [
        0.04293171316385269,
        -0.9990059733390808,
        0.011996425688266754,
        19.743078231811523
      ],
      [
        0.0,
        0.0,
        0.0,
        1.0
      ]
    ],
    [
      [
        0.9990766048431396,
        0.042908430099487305,
        -0.00219177664257586,
        -10.272165298461914
      ],
      [
        0.0016748501220718026,
        0.012079444713890553,
        0.9999256730079651,
        -3.7599856853485107
      ],
      [
        0.04293171316385269,
        -0.9990059733390808,
        0.011996425688266754,
        19.771860122680664
      ],
      [
        0.0,
        0.0,
        0.0,
        1.0
      ]
    ],
    [
      [
        0.9990766048431396,
        0.042908430099487305,
        -0.00219177664257586,
        -10.236830711364746
      ],
      [
        0.0016748501220718026,
        0.012079444713890553,
        0.9999256730079651,
        -3.760732412338257
      ],
      [
        0.04293171316385269,
        -0.9990059733390808,
        0.011996425688266754,
        19.840553283691406
      ],
      [
        0.0,
        0.0,
        0.0,
        1.0
      ]
    ],
    [
      [
        0.9990766048431396,
        0.042908430099487305,
        -0.00219177664257586,
        -10.143271446228027
      ],
      [
        0.0016748501220718026,
        0.012079444713890553,
        0.9999256730079651,
        -3.7618515491485596
      ],
      [
        0.04293171316385269,
        -0.9990059733390808,
        0.011996425688266754,
        19.950944900512695
      ],
      [
        0.0,
        0.0,
        0.0,
        1.0
      ]
    ],
    [
      [
        0.9990766048431396,
        0.042908430099487305,
        -0.00219177664257586,
        -10.114008903503418
      ],
      [
        0.0016748501220718026,
        0.012079444713890553,
        0.9999256730079651,
        -3.7621352672576904
      ],
      [
        0.04293171316385269,
        -0.9990059733390808,
        0.011996425688266754,
        19.979928970336914
      ],
      [
        0.0,
        0.0,
        0.0,
        1.0
      ]
    ],
    [
      [
        0.9990766048431396,
        0.042908430099487305,
        -0.00219177664257586,
        -10.047478675842285
      ],
      [
        0.0016748501220718026,
        0.012079444713890553,
        0.9999256730079651,
        -3.763963222503662
      ],
      [
        0.04293171316385269,
        -0.9990059733390808,
        0.011996425688266754,
        20.144454956054688
      ],
      [
        0.0,
        0.0,
        0.0,
        1.0
      ]
    ],
    [
      [
        0.9990766048431396,
        0.042908430099487305,
        -0.00219177664257586,
        -10.01094913482666
      ],
      [
        0.0016748501220718026,
        0.012079444713890553,
        0.9999256730079651,
        -3.764862537384033
      ],
      [
        0.04293171316385269,
        -0.9990059733390808,
        0.011996425688266754,
        20.226093292236328
      ],
      [
        0.0,
        0.0,
        0.0,
        1.0
      ]
    ],
    [
      [
        0.9990766048431396,
        0.042908430099487305,
        -0.00219177664257586,
        -9.937403678894043
      ],
      [
        0.0016748501220718026,
        0.012079444713890553,
        0.9999256730079651,
        -3.766679286956787
      ],
      [
        0.04293171316385269,
        -0.9990059733390808,
        0.011996425688266754,
        20.390962600708008
      ],
      [
        0.0,
        0.0,
        0.0,
        1.0
      ]
    ],
    [
      [
        0.9990766048431396,
        0.042908430099487305,
        -0.00219177664257586,
        -9.800079345703125
      ],
      [
        0.0016748501220718026,
        0.012079444713890553,
        0.9999256730079651,
        -3.7680981159210205
      ],
      [
        0.04293171316385269,
        -0.9990059733390808,
        0.011996425688266754,
        20.534311294555664
      ],
      [
        0.0,
        0.0,
        0.0,
        1.0
      ]
    ],
    [
      [
        0.9990766048431396,
        0.042908430099487305,
        -0.00219177664257586,
        -9.74220085144043
      ],
      [
        0.0016748501220718026,
        0.012079444713890553,
        0.9999256730079651,
        -3.769321918487549
      ],
      [
        0.04293171316385269,
        -0.9990059733390808,
        0.011996425688266754,
        20.646886825561523
      ],
      [
        0.0,
        0.0,
        0.0,
        1.0
      ]
    ],
    [
      [
        0.9990766048431396,
        0.042908430099487305,
        -0.00219177664257586,
        -9.640392303466797
      ],
      [
        0.0016748501220718026,
        0.012079444713890553,
        0.9999256730079651,
        -3.7704179286956787
      ],
      [
        0.04293171316385269,
        -0.9990059733390808,
        0.011996425688266754,
        20.756834030151367
      ],
      [
        0.0,
        0.0,
        0.0,
        1.0
      ]
    ],
    [
      [
        0.9990766048431396,
        0.042908430099487305,
        -0.00219177664257586,
        -9.416954040527344
      ],
      [
        0.0016748501220718026,
        0.012079444713890553,
        0.9999256730079651,
        -3.7718346118927
      ],
      [
        0.04293171316385269,
        -0.9990059733390808,
        0.011996425688266754,
        20.915754318237305
      ],
      [
        0.0,
        0.0,
        0.0,
        1.0
      ]
    ],
    [
      [
        0.9990766048431396,
        0.042908430099487305,
        -0.00219177664257586,
        -9.28826904296875
      ],
      [
        0.0016748501220718026,
        0.012079444713890553,
        0.9999256730079651,
        -3.7729032039642334
      ],
      [
        0.04293171316385269,
        -0.9990059733390808,
        0.011996425688266754,
        21.0283203125
      ],
      [
        0.0,
        0.0,
        0.0,
        1.0
      ]
    ],
    [
      [
        0.9990766048431396,
        0.042908430099487305,
        -0.00219177664257586,
        -9.227846145629883
      ],
      [
        0.0016748501220718026,
        0.012079444713890553,
        0.9999256730079651,
        -3.7841339111328125
      ],
      [
        0.04293171316385269,
        -0.9990059733390808,
        0.011996425688266754,
        21.97547721862793
      ],
      [
        0.0,
        0.0,
        0.0,
        1.0
      ]
    ],
    [
      [
        0.9990766048431396,
        0.042908430099487305,
        -0.00219177664257586,
        -9.187173843383789
      ],
      [
        0.0016748501220718026,
        0.012079444713890553,
        0.9999256730079651,
        -3.7853879928588867
      ],
      [
        0.04293171316385269,
        -0.9990059733390808,
        0.011996425688266754,
        22.08742332458496
      ],
      [
        0.0,
        0.0,
        0.0,
        1.0
      ]
    ],
    [
      [
        0.9990766048431396,
        0.042908430099487305,
        -0.00219177664257586,
        -9.022882461547852
      ],
      [
        0.0016748501220718026,
        0.012079444713890553,
        0.9999256730079651,
        -3.79632306098938
      ],
      [
        0.04293171316385269,
        -0.9990059733390808,
        0.011996425688266754,
        23.028913497924805
      ],
      [
        0.0,
        0.0,
        0.0,
        1.0
      ]
    ],
    [
      [
        0.9990766048431396,
        0.042908430099487305,
        -0.00219177664257586,
        -8.942081451416016
      ],
      [
        0.0016748501220718026,
        0.012079444713890553,
        0.9999256730079651,
        -3.7987473011016846
      ],
      [
        0.04293171316385269,
        -0.9990059733390808,
        0.011996425688266754,
        23.245737075805664
      ],
      [
        0.0,
        0.0,
        0.0,
        1.0
      ]
    ]
  ],
  "full_proj_transform": [
    [
      [
        0.6365818381309509,
        -0.0026282428298145533,
        -0.010137663222849369,
        -0.010136649012565613
      ],
      [
        0.0065068649128079414,
        0.013330540619790554,
        0.9998285174369812,
        0.9997285008430481
      ],
      [
        -0.002492402447387576,
        -0.6364749670028687,
        0.020982597023248672,
        0.02098049782216549
      ],
      [
        0.1716976761817932,
        -0.9816635847091675,
        3.490349054336548,
        3.5
      ]
    ],
    [
      [
        0.6365818381309509,
        -0.0026282428298145533,
        -0.010137663222849369,
        -0.010136649012565613
      ],
      [
        0.0065068649128079414,
        0.013330540619790554,
        0.9998285174369812,
        0.9997285008430481
      ],
      [
        -0.002492402447387576,
        -0.6364749670028687,
        0.020982597023248672,
        0.02098049782216549
      ],
      [
        0.2990216910839081,
        -1.748314380645752,
        3.490349054336548,
        3.5
      ]
    ],
    [
      [
        0.6365818381309509,
        -0.002492402447387576,
        0.010221978649497032,
        0.010220956057310104
      ],
      [
        -0.006453193258494139,
        0.013356604613363743,
        0.9998285174369812,
        0.9997285008430481
      ],
      [
        -0.0026282428298145533,
        -0.6364749670028687,
        0.02094165049493313,
        0.020939556881785393
      ],
      [
        -0.15926386415958405,
        0.14149197936058044,
        3.490349054336548,
        3.5
      ]
    ],
    [
      [
        0.6360321044921875,
        0.027316361665725708,
        -0.0021919957362115383,
        -0.0021917764097452164
      ],
      [
        0.0010662430431693792,
        0.007690015714615583,
        1.0000256299972534,
        0.9999256134033203
      ],
      [
        0.027331186458468437,
        -0.6359871625900269,
        0.011997624300420284,
        0.01199642475694418
      ],
      [
        6.836576461791992,
        12.119498252868652,
        3.490349054336548,
        3.5
      ]
    ],
    [
      [
        0.6360321044921875,
        0.027316361665725708,
        -0.0021919957362115383,
        -0.0021917764097452164
      ],
      [
        0.0010662430431693792,
        0.007690015714615583,
        1.0000256299972534,
        0.9999256134033203
      ],
      [
        0.027331186458468437,
        -0.6359871625900269,
        0.011997624300420284,
        0.01199642475694418
      ],
      [
        6.725804805755615,
        12.183159828186035,
        3.490349054336548,
        3.5
      ]
    ],
    [
      [
        0.6360321044921875,
        0.027316361665725708,
        -0.0021919957362115383,
        -0.0021917764097452164
      ],
      [
        0.0010662430431693792,
        0.007690015714615583,
        1.0000256299972534,
        0.9999256134033203
      ],
      [
        0.027331186458468437,
        -0.6359871625900269,
        0.011997624300420284,
        0.01199642475694418
      ],
      [
        6.641134262084961,
        12.310484886169434,
        3.490349054336548,
        3.5
      ]
    ],
    [
      [
        0.6360321044921875,
        0.027316361665725708,
        -0.0021919957362115383,
        -0.0021917764097452164
      ],
      [
        0.0010662430431693792,
        0.007690015714615583,
        1.0000256299972534,
        0.9999256134033203
      ],
      [
        0.027331186458468437,
        -0.6359871625900269,
        0.011997624300420284,
        0.01199642475694418
      ],
      [
        6.477058410644531,
        12.38310718536377,
        3.490349054336548,
        3.5
      ]
    ],
    [
      [
        0.6360321044921875,
        0.027316361665725708,
        -0.0021919957362115383,
        -0.0021917764097452164
      ],
      [
        0.0010662430431693792,
        0.007690015714615583,
        1.0000256299972534,
        0.9999256134033203
      ],
      [
        0.027331186458468437,
        -0.6359871625900269,
        0.011997624300420284,
        0.01199642475694418
      ],
      [
        6.450320720672607,
        12.427860260009766,
        3.490349054336548,
        3.5
      ]
    ],
    [
      [
        0.6360321044921875,
        0.027316361665725708,
        -0.0021919957362115383,
        -0.0021917764097452164
      ],
      [
        0.0010662430431693792,
        0.007690015714615583,
        1.0000256299972534,
        0.9999256134033203
      ],
      [
        0.027331186458468437,
        -0.6359871625900269,
        0.011997624300420284,
        0.01199642475694418
      ],
      [
        6.400373935699463,
        12.54485034942627,
        3.490349054336548,
        3.5
      ]
    ],
    [
      [
        0.6360321044921875,
        0.027316361665725708,
        -0.0021919957362115383,
        -0.0021917764097452164
      ],
      [
        0.0010662430431693792,
        0.007690015714615583,
        1.0000256299972534,
        0.9999256134033203
      ],
      [
        0.027331186458468437,
        -0.6359871625900269,
        0.011997624300420284,
        0.01199642475694418
      ],
      [
        6.354382038116455,
        12.565132141113281,
        3.490349054336548,
        3.5
      ]
    ],
    [
      [
        0.6360321044921875,
        0.027316361665725708,
        -0.0021919957362115383,
        -0.0021917764097452164
      ],
      [
        0.0010662430431693792,
        0.007690015714615583,
        1.0000256299972534,
        0.9999256134033203
      ],
      [
        0.027331186458468437,
        -0.6359871625900269,
        0.011997624300420284,
        0.01199642475694418
      ],
      [
        6.25298547744751,
        12.652220726013184,
        3.490349054336548,
        3.5
      ]
    ],
    [
      [
        0.6360321044921875,
        0.027316361665725708,
        -0.0021919957362115383,
        -0.0021917764097452164
      ],
      [
        0.0010662430431693792,
        0.007690015714615583,
        1.0000256299972534,
        0.9999256134033203
      ],
      [
        0.027331186458468437,
        -0.6359871625900269,
        0.011997624300420284,
        0.01199642475694418
      ],
      [
        6.217604160308838,
        12.695487976074219,
        3.490349054336548,
        3.5
      ]
    ],
    [
      [
        0.6360321044921875,
        0.027316361665725708,
        -0.0021919957362115383,
        -0.0021917764097452164
      ],
      [
        0.0010662430431693792,
        0.007690015714615583,
        1.0000256299972534,
        0.9999256134033203
      ],
      [
        0.027331186458468437,
        -0.6359871625900269,
        0.011997624300420284,
        0.01199642475694418
      ],
      [
        6.21293830871582,
        12.733048439025879,
        3.490349054336548,
        3.5
      ]
    ],
    [
      [
        0.6360321044921875,
        0.027316361665725708,
        -0.0021919957362115383,
        -0.0021917764097452164
      ],
      [
        0.0010662430431693792,
        0.007690015714615583,
        1.0000256299972534,
        0.9999256134033203
      ],
      [
        0.027331186458468437,
        -0.6359871625900269,
        0.011997624300420284,
        0.01199642475694418
      ],
      [
        6.1702094078063965,
        12.758519172668457,
        3.490349054336548,
        3.5
      ]
    ],
    [
      [
        0.6360321044921875,
        0.027316361665725708,
        -0.0021919957362115383,
        -0.0021917764097452164
      ],
      [
        0.0010662430431693792,
        0.007690015714615583,
        1.0000256299972534,
        0.9999256134033203
      ],
      [
        0.027331186458468437,
        -0.6359871625900269,
        0.011997624300420284,
        0.01199642475694418
      ],
      [
        6.081127166748047,
        12.825714111328125,
        3.490349054336548,
        3.5
      ]
    ],
    [
      [
        0.6360321044921875,
        0.027316361665725708,
        -0.0021919957362115383,
        -0.0021917764097452164
      ],
      [
        0.0010662430431693792,
        0.007690015714615583,
        1.0000256299972534,
        0.9999256134033203
      ],
      [
        0.027331186458468437,
        -0.6359871625900269,
        0.011997624300420284,
        0.01199642475694418
      ],
      [
        6.032984256744385,
        12.867363929748535,
        3.490349054336548,
        3.5
      ]
    ],
    [
      [
        0.6360321044921875,
        0.027316361665725708,
        -0.0021919957362115383,
        -0.0021917764097452164
      ],
      [
        0.0010662430431693792,
        0.007690015714615583,
        1.0000256299972534,
        0.9999256134033203
      ],
      [
        0.027331186458468437,
        -0.6359871625900269,
        0.011997624300420284,
        0.01199642475694418
      ],
      [
        5.9970479011535645,
        12.884161949157715,
        3.490349054336548,
        3.5
      ]
    ],
    [
      [
        0.6360321044921875,
        0.027316361665725708,
        -0.0021919957362115383,
        -0.0021917764097452164
      ],
      [
        0.0010662430431693792,
        0.007690015714615583,
        1.0000256299972534,
        0.9999256134033203
      ],
      [
        0.027331186458468437,
        -0.6359871625900269,
        0.011997624300420284,
        0.01199642475694418
      ],
      [
        5.9726972579956055,
        12.92689037322998,
        3.490349054336548,
        3.5
      ]
    ],
    [
      [
        0.6360321044921875,
        0.027316361665725708,
        -0.0021919957362115383,
        -0.0021917764097452164
      ],
      [
        0.0010662430431693792,
        0.007690015714615583,
        1.0000256299972534,
        0.9999256134033203
      ],
      [
        0.027331186458468437,
