{
  "world_view_transform": [
    [
      [
        0.9999400973320007,
        -0.004128432832658291,
        -0.010136649012565613,
        0.0
      ],
      [
        0.010220956057310104,
        0.020939556881785393,
        0.9997285008430481,
        0.0
      ],
      [
        -0.003915055189281702,
        -0.9997721910476685,
        0.02098049782216549,
        0.0
      ],
      [
        0.76774001121521,
        -2.044053077697754,
        3.5,
        1.0
      ]
    ],
    [
      [
        0.9999400973320007,
        -0.004128432832658291,
        -0.010136649012565613,
        0.0
      ],
      [
        0.010220956057310104,
        0.020939556881785393,
        0.9997285008430481,
        0.0
      ],
      [
        -0.003915055189281702,
        -0.9997721910476685,
        0.02098049782216549,
        0.0
      ],
      [
        0.967739999294281,
        -3.248305082321167,
        3.5,
        1.0
      ]
    ],
    [
      [
        0.9999400973320007,
        -0.003915055189281702,
        0.010220956057310104,
        0.0
      ],
      [
        -0.010136649012565613,
        0.02098049782216549,
        0.9997285008430481,
        0.0
      ],
      [
        -0.004128432832658291,
        -0.9997721910476685,
        0.020939556881785393,
        0.0
      ],
      [
        0.24775999784469604,
        -0.2796989977359772,
        3.5,
        1.0
      ]
    ],
    [
      [
        0.9990766048431396,
        0.042908426374197006,
        -0.0021917764097452164,
        0.0
      ],
      [
        0.0016748501220718026,
        0.012079444713890553,
        0.9999256134033203,
        0.0
      ],
      [
        0.04293171316385269,
        -0.9990059733390808,
        0.01199642475694418,
        0.0
      ],
      [
        11.259873390197754,
        18.559171676635742,
        3.5,
        1.0
      ]
    ],
    [
      [
        0.9990766048431396,
        0.042908426374197006,
        -0.0021917764097452164,
        0.0
      ],
      [
        0.0016748501220718026,
        0.012079444713890553,
        0.9999256134033203,
        0.0
      ],
      [
        0.04293171316385269,
        -0.9990059733390808,
        0.01199642475694418,
        0.0
      ],
      [
        11.085872650146484,
        18.65917205810547,
        3.5,
        1.0
      ]
    ],
    [
      [
        0.9990766048431396,
        0.042908426374197006,
        -0.0021917764097452164,
        0.0
      ],
      [
        0.0016748501220718026,
        0.012079444713890553,
        0.9999256134033203,
        0.0
      ],
      [
        0.04293171316385269,
        -0.9990059733390808,
        0.01199642475694418,
        0.0
      ],
      [
        10.952873229980469,
        18.859172821044922,
        3.5,
        1.0
      ]
    ],
    [
      [
        0.9990766048431396,
        0.042908426374197006,
        -0.0021917764097452164,
        0.0
      ],
      [
        0.0016748501220718026,
        0.012079444713890553,
        0.9999256134033203,
        0.0
      ],
      [
        0.04293171316385269,
        -0.9990059733390808,
        0.01199642475694418,
        0.0
      ],
      [
        10.69514274597168,
        18.973247528076172,
        3.5,
        1.0
      ]
    ],
    [
      [
        0.9990766048431396,
        0.042908426374197006,
        -0.0021917764097452164,
        0.0
      ],
      [
        0.0016748501220718026,
        0.012079444713890553,
        0.9999256134033203,
        0.0
      ],
      [
        0.04293171316385269,
        -0.9990059733390808,
        0.01199642475694418,
        0.0
      ],
      [
        10.653142929077148,
        19.043546676635742,
        3.5,
        1.0
      ]
    ],
    [
      [
        0.9990766048431396,
        0.042908426374197006,
        -0.0021917764097452164,
        0.0
      ],
      [
        0.0016748501220718026,
        0.012079444713890553,
        0.9999256134033203,
        0.0
      ],
      [
        0.04293171316385269,
        -0.9990059733390808,
        0.01199642475694418,
        0.0
      ],
      [
        10.574687004089355,
        19.227313995361328,
        3.5,
        1.0
      ]
    ],
    [
      [
        0.9990766048431396,
        0.042908426374197006,
        -0.0021917764097452164,
        0.0
      ],
      [
        0.0016748501220718026,
        0.012079444713890553,
        0.9999256134033203,
        0.0
      ],
      [
        0.04293171316385269,
        -0.9990059733390808,
        0.01199642475694418,
        0.0
      ],
      [
        10.50244426727295,
        19.259172439575195,
        3.5,
        1.0
      ]
    ],
    [
      [
        0.9990766048431396,
        0.042908426374197006,
        -0.0021917764097452164,
        0.0
      ],
      [
        0.0016748501220718026,
        0.012079444713890553,
        0.9999256134033203,
        0.0
      ],
      [
        0.04293171316385269,
        -0.9990059733390808,
        0.01199642475694418,
        0.0
      ],
      [
        10.343171119689941,
        19.39596939086914,
        3.5,
        1.0
      ]
    ],
    [
      [
        0.9990766048431396,
        0.042908426374197006,
        -0.0021917764097452164,
        0.0
      ],
      [
        0.0016748501220718026,
        0.012079444713890553,
        0.9999256134033203,
        0.0
      ],
      [
        0.04293171316385269,
        -0.9990059733390808,
        0.01199642475694418,
        0.0
      ],
      [
        10.287592887878418,
        19.46393394470215,
        3.5,
        1.0
      ]
    ],
    [
      [
        0.9990766048431396,
        0.042908426374197006,
        -0.0021917764097452164,
        0.0
      ],
      [
        0.0016748501220718026,
        0.012079444713890553,
        0.9999256134033203,
        0.0
      ],
      [
        0.04293171316385269,
        -0.9990059733390808,
        0.01199642475694418,
        0.0
      ],
      [
        10.280263900756836,
        19.522932052612305,
        3.5,
        1.0
      ]
    ],
    [
      [
        0.9990766048431396,
        0.042908426374197006,
        -0.0021917764097452164,
        0.0
      ],
      [
        0.0016748501220718026,
        0.012079444713890553,
        0.9999256134033203,
        0.0
      ],
      [
        0.04293171316385269,
        -0.9990059733390808,
        0.01199642475694418,
        0.0
      ],
      [
        10.213146209716797,
        19.562944412231445,
        3.5,
        1.0
      ]
    ],
    [
      [
        0.9990766048431396,
        0.042908426374197006,
        -0.0021917764097452164,
        0.0
      ],
      [
        0.0016748501220718026,
        0.012079444713890553,
        0.9999256134033203,
        0.0
      ],
      [
        0.04293171316385269,
        -0.9990059733390808,
        0.01199642475694418,
        0.0
      ],
      [
        10.073216438293457,
        19.668493270874023,
        3.5,
        1.0
      ]
    ],
    [
      [
        0.9990766048431396,
        0.042908426374197006,
        -0.0021917764097452164,
        0.0
      ],
      [
        0.0016748501220718026,
        0.012079444713890553,
        0.9999256134033203,
        0.0
      ],
      [
        0.04293171316385269,
        -0.9990059733390808,
        0.01199642475694418,
        0.0
      ],
      [
        9.99759292602539,
        19.733917236328125,
        3.5,
        1.0
      ]
    ],
    [
      [
        0.9990766048431396,
        0.042908426374197006,
        -0.0021917764097452164,
        0.0
      ],
      [
        0.0016748501220718026,
        0.012079444713890553,
        0.9999256134033203,
        0.0
      ],
      [
        0.04293171316385269,
        -0.9990059733390808,
        0.01199642475694418,
        0.0
      ],
      [
        9.941143989562988,
        19.760303497314453,
        3.5,
        1.0
      ]
    ],
    [
      [
        0.9990766048431396,
        0.042908426374197006,
        -0.0021917764097452164,
        0.0
      ],
      [
        0.0016748501220718026,
        0.012079444713890553,
        0.9999256134033203,
        0.0
      ],
      [
        0.04293171316385269,
        -0.9990059733390808,
        0.01199642475694418,
        0.0
      ],
      [
        9.902894020080566,
        19.827421188354492,
        3.5,
        1.0
      ]
    ],
    [
      [
        0.9990766048431396,
        0.042908426374197006,
        -0.0021917764097452164,
        0.0
      ],
      [
        0.0016748501220718026,
        0.012079444713890553,
        0.9999256134033203,
        0.0
      ],
      [
        0.04293171316385269,
        -0.9990059733390808,
        0.01199642475694418,
        0.0
      ],
      [
        9.804683685302734,
        19.933700561523438,
        3.5,
        1.0
      ]
    ],
    [
      [
        0.9990766048431396,
        0.042908426374197006,
        -0.0021917764097452164,
        0.0
      ],
      [
        0.0016748501220718026,
        0.012079444713890553,
        0.9999256134033203,
        0.0
      ],
      [
        0.04293171316385269,
        -0.9990059733390808,
        0.01199642475694418,
        0.0
      ],
      [
        9.774205207824707,
        19.96140480041504,
        3.5,
        1.0
      ]
    ],
    [
      [
        0.9990766048431396,
        0.042908426374197006,
        -0.0021917764097452164,
        0.0
      ],
      [
        0.0016748501220718026,
        0.012079444713890553,
        0.9999256134033203,
        0.0
      ],
      [
        0.04293171316385269,
        -0.9990059733390808,
        0.01199642475694418,
        0.0
      ],
      [
        9.700675964355469,
        20.12293243408203,
        3.5,
        1.0
      ]
    ],
    [
      [
        0.9990766048431396,
        0.042908426374197006,
        -0.0021917764097452164,
        0.0
      ],
      [
        0.0016748501220718026,
        0.012079444713890553,
        0.9999256134033203,
        0.0
      ],
      [
        0.04293171316385269,
        -0.9990059733390808,
        0.01199642475694418,
        0.0
      ],
      [
        9.660676002502441,
        20.202932357788086,
        3.5,
        1.0
      ]
    ],
    [
      [
        0.9990766048431396,
        0.042908426374197006,
        -0.0021917764097452164,
        0.0
      ],
      [
        0.0016748501220718026,
        0.012079444713890553,
        0.9999256134033203,
        0.0
      ],
      [
        0.04293171316385269,
        -0.9990059733390808,
        0.01199642475694418,
        0.0
      ],
      [
        9.580123901367188,
        20.364505767822266,
        3.5,
        1.0
      ]
    ],
    [
      [
        0.9990766048431396,
        0.042908426374197006,
        -0.0021917764097452164,
        0.0
      ],
      [
        0.0016748501220718026,
        0.012079444713890553,
        0.9999256134033203,
        0.0
      ],
      [
        0.04293171316385269,
        -0.9990059733390808,
        0.01199642475694418,
        0.0
      ],
      [
        9.436775207519531,
        20.5018367767334,
        3.5,
        1.0
      ]
    ],
    [
      [
        0.9990766048431396,
        0.042908426374197006,
        -0.0021917764097452164,
        0.0
      ],
      [
        0.0016748501220718026,
        0.012079444713890553,
        0.9999256134033203,
        0.0
      ],
      [
        0.04293171316385269,
        -0.9990059733390808,
        0.01199642475694418,
        0.0
      ],
      [
        9.37411880493164,
        20.611831665039062,
        3.5,
        1.0
      ]
    ],
    [
      [
        0.9990766048431396,
        0.042908426374197006,
        -0.0021917764097452164,
        0.0
      ],
      [
        0.0016748501220718026,
        0.012079444713890553,
        0.9999256134033203,
        0.0
      ],
      [
        0.04293171316385269,
        -0.9990059733390808,
        0.01199642475694418,
        0.0
      ],
      [
        9.267685890197754,
        20.717315673828125,
        3.5,
        1.0
      ]
    ],
    [
      [
        0.9990766048431396,
        0.042908426374197006,
        -0.0021917764097452164,
        0.0
      ],
      [
        0.0016748501220718026,
        0.012079444713890553,
        0.9999256134033203,
        0.0
      ],
      [
        0.04293171316385269,
        -0.9990059733390808,
        0.01199642475694418,
        0.0
      ],
      [
        9.037632942199707,
        20.866506576538086,
        3.5,
        1.0
      ]
    ],
    [
      [
        0.9990766048431396,
        0.042908426374197006,
        -0.0021917764097452164,
        0.0
      ],
      [
        0.0016748501220718026,
        0.012079444713890553,
        0.9999256134033203,
        0.0
      ],
      [
        0.04293171316385269,
        -0.9990059733390808,
        0.01199642475694418,
        0.0
      ],
      [
        8.90423583984375,
        20.973453521728516,
        3.5,
        1.0
      ]
    ],
    [
      [
        0.9990766048431396,
        0.042908426374197006,
        -0.0021917764097452164,
        0.0
      ],
      [
        0.0016748501220718026,
        0.012079444713890553,
        0.9999256134033203,
        0.0
      ],
      [
        0.04293171316385269,
        -0.9990059733390808,
        0.01199642475694418,
        0.0
      ],
      [
        8.803224563598633,
        21.917211532592773,
        3.5,
        1.0
      ]
    ],
    [
      [
        0.9990766048431396,
        0.042908426374197006,
        -0.0021917764097452164,
        0.0
      ],
      [
        0.0016748501220718026,
        0.012079444713890553,
        0.9999256134033203,
        0.0
      ],
      [
        0.04293171316385269,
        -0.9990059733390808,
        0.01199642475694418,
        0.0
      ],
      [
        8.75778579711914,
        22.027313232421875,
        3.5,
        1.0
      ]
    ],
    [
      [
        0.9990766048431396,
        0.042908426374197006,
        -0.0021917764097452164,
        0.0
      ],
      [
        0.0016748501220718026,
        0.012079444713890553,
        0.9999256134033203,
        0.0
      ],
      [
        0.04293171316385269,
        -0.9990059733390808,
        0.01199642475694418,
        0.0
      ],
      [
        8.553244590759277,
        22.960952758789062,
        3.5,
        1.0
      ]
    ],
    [
      [
        0.9990766048431396,
        0.042908426374197006,
        -0.0021917764097452164,
        0.0
      ],
      [
        0.0016748501220718026,
        0.012079444713890553,
        0.9999256134033203,
        0.0
      ],
      [
        0.04293171316385269,
        -0.9990059733390808,
        0.01199642475694418,
        0.0
      ],
      [
        8.463214874267578,
        23.174123764038086,
        3.5,
        1.0
      ]
    ]
  ],
  "c2w": [
    [
      [
        0.9999400973320007,
        -0.004128433298319578,
        -0.010136648081243038,
        -0.740654468536377
      ],
      [
        0.010220956988632679,
        0.020939556881785393,
        0.9997285008430481,
        -3.464095115661621
      ],
      [
        -0.003915055189281702,
        -0.9997722506523132,
        0.02098049968481064,
        -2.114013433456421
      ],
      [
        0.0,
        0.0,
        0.0,
        1.0
      ]
    ],
    [
      [
        0.9999400973320007,
        -0.004128433298319578,
        -0.010136648081243038,
        -0.9456141591072083
      ],
      [
        0.010220956988632679,
        0.020939556881785393,
        0.9997285008430481,
        -3.440922975540161
      ],
      [
        -0.003915055189281702,
        -0.9997722506523132,
        0.02098049968481064,
        -3.3172082901000977
      ],
      [
        0.0,
        0.0,
        0.0,
        1.0
      ]
    ],
    [
      [
        0.9999400973320007,
        -0.003915055189281702,
        0.010220956988632679,
        -0.28461354970932007
      ],
      [
        -0.010136648081243038,
        0.02098049968481064,
        0.9997285008430481,
        -3.4906699657440186
      ],
      [
        -0.004128433298319578,
        -0.9997722506523132,
        0.020939556881785393,
        -0.3519008755683899
      ],
      [
        0.0,
        0.0,
        0.0,
        1.0
      ]
    ],
    [
      [
        0.9990766048431396,
        0.042908430099487305,
        -0.00219177664257586,
        -12.0381498336792
      ],
      [
        0.0016748501220718026,
        0.012079444713890553,
        0.9999256730079651,
        -3.7427828311920166
      ],
      [
        0.04293171316385269,
        -0.9990059733390808,
        0.011996425688266754,
        18.015331268310547
      ],
      [
        0.0,
        0.0,
        0.0,
        1.0
      ]
    ],
    [
      [
        0.9990766048431396,
        0.042908430099487305,
        -0.00219177664257586,
        -11.868600845336914
      ],
      [
        0.0016748501220718026,
        0.012079444713890553,
        0.9999256730079651,
        -3.743699312210083
      ],
      [
        0.04293171316385269,
        -0.9990059733390808,
        0.011996425688266754,
        18.12270164489746
      ],
      [
        0.0,
        0.0,
        0.0,
        1.0
      ]
    ],
    [
      [
        0.9990766048431396,
        0.042908430099487305,
        -0.00219177664257586,
        -11.744305610656738
      ],
      [
        0.0016748501220718026,
        0.012079444713890553,
        0.9999256730079651,
        -3.7458925247192383
      ],
      [
        0.04293171316385269,
        -0.9990059733390808,
        0.011996425688266754,
        18.32821273803711
      ],
      [
        0.0,
        0.0,
        0.0,
        1.0
      ]
    ],
    [
      [
        0.9990766048431396,
        0.042908430099487305,
        -0.00219177664257586,
        -11.491707801818848
      ],
      [
        0.0016748501220718026,
        0.012079444713890553,
        0.9999256730079651,
        -3.7468388080596924
      ],
      [
        0.04293171316385269,
        -0.9990059733390808,
        0.011996425688266754,
        18.45323944091797
      ],
      [
        0.0,
        0.0,
        0.0,
        1.0
      ]
    ],
    [
      [
        0.9990766048431396,
        0.042908430099487305,
        -0.00219177664257586,
        -11.452763557434082
      ],
      [
        0.0016748501220718026,
        0.012079444713890553,
        0.9999256730079651,
        -3.747617721557617
      ],
      [
        0.04293171316385269,
        -0.9990059733390808,
        0.011996425688266754,
        18.525272369384766
      ],
      [
        0.0,
        0.0,
        0.0,
        1.0
      ]
    ],
    [
      [
        0.9990766048431396,
        0.042908430099487305,
        -0.00219177664257586,
        -11.382265090942383
      ],
      [
        0.0016748501220718026,
        0.012079444713890553,
        0.9999256730079651,
        -3.7497060298919678
      ],
      [
        0.04293171316385269,
        -0.9990059733390808,
        0.011996425688266754,
        18.71222496032715
      ],
      [
        0.0,
        0.0,
        0.0,
        1.0
      ]
    ],
    [
      [
        0.9990766048431396,
        0.042908430099487305,
        -0.00219177664257586,
        -11.311455726623535
      ],
      [
        0.0016748501220718026,
        0.012079444713890553,
        0.9999256730079651,
        -3.749969959259033
      ],
      [
        0.04293171316385269,
        -0.9990059733390808,
        0.011996425688266754,
        18.74715232849121
      ],
      [
        0.0,
        0.0,
        0.0,
        1.0
      ]
    ],
    [
      [
        0.9990766048431396,
        0.042908430099487305,
        -0.00219177664257586,
        -11.158199310302734
      ],
      [
        0.0016748501220718026,
        0.012079444713890553,
        0.9999256730079651,
        -3.7513556480407715
      ],
      [
        0.04293171316385269,
        -0.9990059733390808,
        0.011996425688266754,
        18.89065170288086
      ],
      [
        0.0,
        0.0,
        0.0,
        1.0
      ]
    ],
    [
      [
        0.9990766048431396,
        0.042908430099487305,
        -0.00219177664257586,
        -11.105588912963867
      ],
      [
        0.0016748501220718026,
        0.012079444713890553,
        0.9999256730079651,
        -3.7520835399627686
      ],
      [
        0.04293171316385269,
        -0.9990059733390808,
        0.011996425688266754,
        18.960935592651367
      ],
      [
        0.0,
        0.0,
        0.0,
        1.0
      ]
    ],
    [
      [
        0.9990766048431396,
        0.042908430099487305,
        -0.00219177664257586,
        -11.100798606872559
      ],
      [
        0.0016748501220718026,
        0.012079444713890553,
        0.9999256730079651,
        -3.75278377532959
      ],
      [
        0.04293171316385269,
        -0.9990059733390808,
        0.011996425688266754,
        19.02018928527832
      ],
      [
        0.0,
        0.0,
        0.0,
        1.0
      ]
    ],
    [
      [
        0.9990766048431396,
        0.042908430099487305,
        -0.00219177664257586,
        -11.035459518432617
      ],
      [
        0.0016748501220718026,
        0.012079444713890553,
        0.9999256730079651,
        -3.753154754638672
      ],
      [
        0.04293171316385269,
        -0.9990059733390808,
        0.011996425688266754,
        19.06304359436035
      ],
      [
        0.0,
        0.0,
        0.0,
        1.0
      ]
    ],
    [
      [
        0.9990766048431396,
        0.042908430099487305,
        -0.00219177664257586,
        -10.900187492370605
      ],
      [
        0.0016748501220718026,
        0.012079444713890553,
        0.9999256730079651,
        -3.75419545173645
      ],
      [
        0.04293171316385269,
        -0.9990059733390808,
        0.011996425688266754,
        19.17449378967285
      ],
      [
        0.0,
        0.0,
        0.0,
        1.0
      ]
    ],
    [
      [
        0.9990766048431396,
        0.042908430099487305,
        -0.00219177664257586,
        -10.827441215515137
      ],
      [
        0.0016748501220718026,
        0.012079444713890553,
        0.9999256730079651,
        -3.75485897064209
      ],
      [
        0.04293171316385269,
        -0.9990059733390808,
        0.011996425688266754,
        19.243101119995117
      ],
      [
        0.0,
        0.0,
        0.0,
        1.0
      ]
    ],
    [
      [
        0.9990766048431396,
        0.042908430099487305,
        -0.00219177664257586,
        -10.772176742553711
      ],
      [
        0.0016748501220718026,
        0.012079444713890553,
        0.9999256730079651,
        -3.7550833225250244
      ],
      [
        0.04293171316385269,
        -0.9990059733390808,
        0.011996425688266754,
        19.271883010864258
      ],
      [
        0.0,
        0.0,
        0.0,
        1.0
      ]
    ],
    [
      [
        0.9990766048431396,
        0.042908430099487305,
        -0.00219177664257586,
        -10.736842155456543
      ],
      [
        0.0016748501220718026,
        0.012079444713890553,
        0.9999256730079651,
        -3.7558298110961914
      ],
      [
        0.04293171316385269,
        -0.9990059733390808,
        0.011996425688266754,
        19.340576171875
      ],
      [
        0.0,
        0.0,
        0.0,
        1.0
      ]
    ],
    [
      [
        0.9990766048431396,
        0.042908430099487305,
        -0.00219177664257586,
        -10.643282890319824
      ],
      [
        0.0016748501220718026,
        0.012079444713890553,
        0.9999256730079651,
        -3.7569491863250732
      ],
      [
        0.04293171316385269,
        -0.9990059733390808,
        0.011996425688266754,
        19.45096778869629
      ],
      [
        0.0,
        0.0,
        0.0,
        1.0
      ]
    ],
    [
      [
        0.9990766048431396,
        0.042908430099487305,
        -0.00219177664257586,
        -10.614021301269531
      ],
      [
        0.0016748501220718026,
        0.012079444713890553,
        0.9999256730079651,
        -3.757232904434204
      ],
      [
        0.04293171316385269,
        -0.9990059733390808,
        0.011996425688266754,
        19.479951858520508
      ],
      [
        0.0,
        0.0,
        0.0,
        1.0
      ]
    ],
    [
      [
        0.9990766048431396,
        0.042908430099487305,
        -0.00219177664257586,
        -10.547491073608398
      ],
      [
        0.0016748501220718026,
        0.012079444713890553,
        0.9999256730079651,
        -3.759060859680176
      ],
      [
        0.04293171316385269,
        -0.9990059733390808,
        0.011996425688266754,
        19.64447593688965
      ],
      [
        0.0,
        0.0,
        0.0,
        1.0
      ]
    ],
    [
      [
        0.9990766048431396,
        0.042908430099487305,
        -0.00219177664257586,
        -10.510960578918457
      ],
      [
        0.0016748501220718026,
        0.012079444713890553,
        0.9999256730079651,
        -3.759960174560547
      ],
      [
        0.04293171316385269,
        -0.9990059733390808,
        0.011996425688266754,
        19.72611427307129
      ],
      [
        0.0,
        0.0,
        0.0,
        1.0
      ]
    ],
    [
      [
        0.9990766048431396,
        0.042908430099487305,
        -0.00219177664257586,
        -10.43741512298584
      ],
      [
        0.0016748501220718026,
        0.012079444713890553,
        0.9999256730079651,
        -3.761776924133301
      ],
      [
        0.04293171316385269,
        -0.9990059733390808,
        0.011996425688266754,
        19.8909854888916
      ],
      [
        0.0,
        0.0,
        0.0,
        1.0
      ]
    ],
    [
      [
        0.9990766048431396,
        0.042908430099487305,
        -0.00219177664257586,
        -10.300091743469238
      ],
      [
        0.0016748501220718026,
        0.012079444713890553,
        0.9999256730079651,
        -3.763195753097534
      ],
      [
        0.04293171316385269,
        -0.9990059733390808,
        0.011996425688266754,
        20.034334182739258
      ],
      [
        0.0,
        0.0,
        0.0,
        1.0
      ]
    ],
    [
      [
        0.9990766048431396,
        0.042908430099487305,
        -0.00219177664257586,
        -10.242213249206543
      ],
      [
        0.0016748501220718026,
        0.012079444713890553,
        0.9999256730079651,
        -3.7644195556640625
      ],
      [
        0.04293171316385269,
        -0.9990059733390808,
        0.011996425688266754,
        20.146909713745117
      ],
      [
        0.0,
        0.0,
        0.0,
        1.0
      ]
    ],
    [
      [
        0.9990766048431396,
        0.042908430099487305,
        -0.00219177664257586,
        -10.14040470123291
      ],
      [
        0.0016748501220718026,
        0.012079444713890553,
        0.9999256730079651,
        -3.7655155658721924
      ],
      [
        0.04293171316385269,
        -0.9990059733390808,
        0.011996425688266754,
        20.25685691833496
      ],
      [
        0.0,
        0.0,
        0.0,
        1.0
      ]
    ],
    [
      [
        0.9990766048431396,
        0.042908430099487305,
        -0.00219177664257586,
        -9.91696548461914
      ],
      [
        0.0016748501220718026,
        0.012079444713890553,
        0.9999256730079651,
        -3.766932249069214
      ],
      [
        0.04293171316385269,
        -0.9990059733390808,
        0.011996425688266754,
        20.4157772064209
      ],
      [
        0.0,
        0.0,
        0.0,
        1.0
      ]
    ],
    [
      [
        0.9990766048431396,
        0.042908430099487305,
        -0.00219177664257586,
        -9.788280487060547
      ],
      [
        0.0016748501220718026,
        0.012079444713890553,
        0.9999256730079651,
        -3.768000841140747
      ],
      [
        0.04293171316385269,
        -0.9990059733390808,
        0.011996425688266754,
        20.528345108032227
      ],
      [
        0.0,
        0.0,
        0.0,
        1.0
      ]
    ],
    [
      [
        0.9990766048431396,
        0.042908430099487305,
        -0.00219177664257586,
        -9.72785758972168
      ],
      [
        0.0016748501220718026,
        0.012079444713890553,
        0.9999256730079651,
        -3.779231548309326
      ],
      [
        0.04293171316385269,
        -0.9990059733390808,
        0.011996425688266754,
        21.475500106811523
      ],
      [
        0.0,
        0.0,
        0.0,
        1.0
      ]
    ],
    [
      [
        0.9990766048431396,
        0.042908430099487305,
        -0.00219177664257586,
        -9.687185287475586
      ],
      [
        0.0016748501220718026,
        0.012079444713890553,
        0.9999256730079651,
        -3.7804853916168213
      ],
      [
        0.04293171316385269,
        -0.9990059733390808,
        0.011996425688266754,
        21.587444305419922
      ],
      [
        0.0,
        0.0,
        0.0,
        1.0
      ]
    ],
    [
      [
        0.9990766048431396,
        0.042908430099487305,
        -0.00219177664257586,
        -9.522893905639648
      ],
      [
        0.0016748501220718026,
        0.012079444713890553,
        0.9999256730079651,
        -3.7914206981658936
      ],
      [
        0.04293171316385269,
        -0.9990059733390808,
        0.011996425688266754,
        22.5289363861084
      ],
      [
        0.0,
        0.0,
        0.0,
        1.0
      ]
    ],
    [
      [
        0.9990766048431396,
        0.042908430099487305,
        -0.00219177664257586,
        -9.442093849182129
      ],
      [
        0.0016748501220718026,
        0.012079444713890553,
        0.9999256730079651,
        -3.7938449382781982
      ],
      [
        0.04293171316385269,
        -0.9990059733390808,
        0.011996425688266754,
        22.745759963989258
      ],
      [
        0.0,
        0.0,
        0.0,
        1.0
      ]
    ]
  ],
  "full_proj_transform": [
    [
      [
        0.6365818381309509,
        -0.0026282428298145533,
        -0.010137663222849369,
        -0.010136649012565613
      ],
      [
        0.0065068649128079414,
        0.013330540619790554,
        0.9998285174369812,
        0.9997285008430481
      ],
      [
        -0.002492402447387576,
        -0.6364749670028687,
        0.020982597023248672,
        0.02098049782216549
      ],
      [
        0.4887586236000061,
        -1.3012850284576416,
        3.490349054336548,
        3.5
      ]
    ],
    [
      [
        0.6365818381309509,
        -0.0026282428298145533,
        -0.010137663222849369,
        -0.010136649012565613
      ],
      [
        0.0065068649128079414,
        0.013330540619790554,
        0.9998285174369812,
        0.9997285008430481
      ],
      [
        -0.002492402447387576,
        -0.6364749670028687,
        0.020982597023248672,
        0.02098049782216549
      ],
      [
        0.6160826086997986,
        -2.0679359436035156,
        3.490349054336548,
        3.5
      ]
    ],
    [
      [
        0.6365818381309509,
        -0.002492402447387576,
        0.010221978649497032,
        0.010220956057310104
      ],
      [
        -0.006453193258494139,
        0.013356604613363743,
        0.9998285174369812,
        0.9997285008430481
      ],
      [
        -0.0026282428298145533,
        -0.6364749670028687,
        0.02094165049493313,
        0.020939556881785393
      ],
      [
        0.15772897005081177,
        -0.17806197702884674,
        3.490349054336548,
        3.5
      ]
    ],
    [
      [
        0.6360321044921875,
        0.027316361665725708,
        -0.0021919957362115383,
        -0.0021917764097452164
      ],
      [
        0.0010662430431693792,
        0.007690015714615583,
        1.0000256299972534,
        0.9999256134033203
      ],
      [
        0.027331186458468437,
        -0.6359871625900269,
        0.011997624300420284,
        0.01199642475694418
      ],
      [
        7.16826057434082,
        11.815139770507812,
        3.490349054336548,
        3.5
      ]
    ],
    [
      [
        0.6360321044921875,
        0.027316361665725708,
        -0.0021919957362115383,
        -0.0021917764097452164
      ],
      [
        0.0010662430431693792,
        0.007690015714615583,
        1.0000256299972534,
        0.9999256134033203
      ],
      [
        0.027331186458468437,
        -0.6359871625900269,
        0.011997624300420284,
        0.01199642475694418
      ],
      [
        7.057487964630127,
        11.878802299499512,
        3.490349054336548,
        3.5
      ]
    ],
    [
      [
        0.6360321044921875,
        0.027316361665725708,
        -0.0021919957362115383,
        -0.0021917764097452164
      ],
      [
        0.0010662430431693792,
        0.007690015714615583,
        1.0000256299972534,
        0.9999256134033203
      ],
      [
        0.027331186458468437,
        -0.6359871625900269,
        0.011997624300420284,
        0.01199642475694418
      ],
      [
        6.972817897796631,
        12.006126403808594,
        3.490349054336548,
        3.5
      ]
    ],
    [
      [
        0.6360321044921875,
        0.027316361665725708,
        -0.0021919957362115383,
        -0.0021917764097452164
      ],
      [
        0.0010662430431693792,
        0.007690015714615583,
        1.0000256299972534,
        0.9999256134033203
      ],
      [
        0.027331186458468437,
        -0.6359871625900269,
        0.011997624300420284,
        0.01199642475694418
      ],
      [
        6.808741569519043,
        12.07874870300293,
        3.490349054336548,
        3.5
      ]
    ],
    [
      [
        0.6360321044921875,
        0.027316361665725708,
        -0.0021919957362115383,
        -0.0021917764097452164
      ],
      [
        0.0010662430431693792,
        0.007690015714615583,
        1.0000256299972534,
        0.9999256134033203
      ],
      [
        0.027331186458468437,
        -0.6359871625900269,
        0.011997624300420284,
        0.01199642475694418
      ],
      [
        6.782003879547119,
        12.123502731323242,
        3.490349054336548,
        3.5
      ]
    ],
    [
      [
        0.6360321044921875,
        0.027316361665725708,
        -0.0021919957362115383,
        -0.0021917764097452164
      ],
      [
        0.0010662430431693792,
        0.007690015714615583,
        1.0000256299972534,
        0.9999256134033203
      ],
      [
        0.027331186458468437,
        -0.6359871625900269,
        0.011997624300420284,
        0.01199642475694418
      ],
      [
        6.732057094573975,
        12.240492820739746,
        3.490349054336548,
        3.5
      ]
    ],
    [
      [
        0.6360321044921875,
        0.027316361665725708,
        -0.0021919957362115383,
        -0.0021917764097452164
      ],
      [
        0.0010662430431693792,
        0.007690015714615583,
        1.0000256299972534,
        0.9999256134033203
      ],
      [
        0.027331186458468437,
        -0.6359871625900269,
        0.011997624300420284,
        0.01199642475694418
      ],
      [
        6.686066150665283,
        12.260773658752441,
        3.490349054336548,
        3.5
      ]
    ],
    [
      [
        0.6360321044921875,
        0.027316361665725708,
        -0.0021919957362115383,
        -0.0021917764097452164
      ],
      [
        0.0010662430431693792,
        0.007690015714615583,
        1.0000256299972534,
        0.9999256134033203
      ],
      [
        0.027331186458468437,
        -0.6359871625900269,
        0.011997624300420284,
        0.01199642475694418
      ],
      [
        6.584669589996338,
        12.347861289978027,
        3.490349054336548,
        3.5
      ]
    ],
    [
      [
        0.6360321044921875,
        0.027316361665725708,
        -0.0021919957362115383,
        -0.0021917764097452164
      ],
      [
        0.0010662430431693792,
        0.007690015714615583,
        1.0000256299972534,
        0.9999256134033203
      ],
      [
        0.027331186458468437,
        -0.6359871625900269,
        0.011997624300420284,
        0.01199642475694418
      ],
      [
        6.54928731918335,
        12.391129493713379,
        3.490349054336548,
        3.5
      ]
    ],
    [
      [
        0.6360321044921875,
        0.027316361665725708,
        -0.0021919957362115383,
        -0.0021917764097452164
      ],
      [
        0.0010662430431693792,
        0.007690015714615583,
        1.0000256299972534,
        0.9999256134033203
      ],
      [
        0.027331186458468437,
        -0.6359871625900269,
        0.011997624300420284,
        0.01199642475694418
      ],
      [
        6.544621467590332,
        12.428689002990723,
        3.490349054336548,
        3.5
      ]
    ],
    [
      [
        0.6360321044921875,
        0.027316361665725708,
        -0.0021919957362115383,
        -0.0021917764097452164
      ],
      [
        0.0010662430431693792,
        0.007690015714615583,
        1.0000256299972534,
        0.9999256134033203
      ],
      [
        0.027331186458468437,
        -0.6359871625900269,
        0.011997624300420284,
        0.01199642475694418
      ],
      [
        6.501893043518066,
        12.454161643981934,
        3.490349054336548,
        3.5
      ]
    ],
    [
      [
        0.6360321044921875,
        0.027316361665725708,
        -0.0021919957362115383,
        -0.0021917764097452164
      ],
      [
        0.0010662430431693792,
        0.007690015714615583,
        1.0000256299972534,
        0.9999256134033203
      ],
      [
        0.027331186458468437,
        -0.6359871625900269,
        0.011997624300420284,
        0.01199642475694418
      ],
      [
        6.412810802459717,
        12.521355628967285,
        3.490349054336548,
        3.5
      ]
    ],
    [
      [
        0.6360321044921875,
        0.027316361665725708,
        -0.0021919957362115383,
        -0.0021917764097452164
      ],
      [
        0.0010662430431693792,
        0.007690015714615583,
        1.0000256299972534,
        0.9999256134033203
      ],
      [
        0.027331186458468437,
        -0.6359871625900269,
        0.011997624300420284,
        0.01199642475694418
      ],
      [
        6.3646674156188965,
        12.563006401062012,
        3.490349054336548,
        3.5
      ]
    ],
    [
      [
        0.6360321044921875,
        0.027316361665725708,
        -0.0021919957362115383,
        -0.0021917764097452164
      ],
      [
        0.0010662430431693792,
        0.007690015714615583,
        1.0000256299972534,
        0.9999256134033203
      ],
      [
        0.027331186458468437,
        -0.6359871625900269,
        0.011997624300420284,
        0.01199642475694418
      ],
      [
        6.328731060028076,
        12.579804420471191,
        3.490349054336548,
        3.5
      ]
    ],
    [
      [
        0.6360321044921875,
        0.027316361665725708,
        -0.0021919957362115383,
        -0.0021917764097452164
      ],
      [
        0.0010662430431693792,
        0.007690015714615583,
        1.0000256299972534,
        0.9999256134033203
      ],
      [
        0.027331186458468437,
        -0.6359871625900269,
        0.011997624300420284,
        0.01199642475694418
      ],
      [
        6.304380416870117,
        12.622532844543457,
        3.490349054336548,
        3.5
      ]
    ],
    [
      [
        0.6360321044921875,
        0.027316361665725708,
        -0.0021919957362115383,
        -0.0021917764097452164
      ],
      [
        0.0010662430431693792,
        0.007690015714615583,
        1.0000256299972534,
        0.9999256134033203
      ],
      [
        0.027331186458468437,
