import numpy as np

SCENE_TRANSFORMS = {

    # ======================
    # DJR scenes
    # ======================
    "djr_p1": np.array([
        [ 0.072728075087,  0.858601033688,  0.507459282875, -1.072966337204],
        [-0.995899140835,  0.035067219287,  0.083397984505,  1.208601236343],
        [ 0.053810410202, -0.511443614960,  0.857630372047,  0.289357781410],
        [ 0.0,             0.0,             0.0,             1.0]
    ], dtype=np.float64),

    "djr_p2": np.array([
        [ 0.097174286842,  0.776527106762,  0.622545421124, -0.031882703304],
        [-0.883775293827,  0.354985624552, -0.304838359356,  0.666232705116],
        [-0.457709938288, -0.520567834377,  0.720770955086,  4.502630233765],
        [ 0.0,             0.0,             0.0,             1.0]
    ], dtype=np.float64),

    "djr_p3": np.array([
        [-0.067112356512,  0.846463411812,  0.528200308463, -0.841071732405],
        [-0.968525243892,  0.071911939214, -0.238301321409,  0.866211993675],
        [-0.239697277546, -0.527568280697,  0.814995050430, -2.874177217484],
        [ 0.0,             0.0,             0.0,             1.0]
    ], dtype=np.float64),

    # ======================
    # Playroom
    # ======================
    "playroom_p1": np.array([
        [ 0.95676806, -1.12771127,  1.68239787,  0.5641625 ],
        [ 0.00870305, -1.85836058, -1.25060843,  2.2911702 ],
        [ 2.02536921,  0.54070739, -0.78937747, -2.34121266],
        [ 0.0,         0.0,         0.0,         1.0]
    ], dtype=np.float64),

    # ======================
    # Room
    # ======================
    "room_p1": np.array([
        [-2.44379453, -0.47741441,  0.38774337,  3.69274177],
        [ 0.10870355, -1.89897366, -1.65302248,  1.1510081 ],
        [ 0.60535333, -1.58630894,  1.86214197, -0.69644767],
        [ 0.0,         0.0,         0.0,         1.0]
    ], dtype=np.float64),

    "room_p2": np.array([
        [-2.44379453, -0.47741441,  0.38774337,  4.42851045],
        [ 0.10870355, -1.89897366, -1.65302248,  1.1510081 ],
        [ 0.60535333, -1.58630894,  1.86214197,  0.86278731],
        [ 0.0,         0.0,         0.0,         1.0]
    ], dtype=np.float64),

    # ======================
    # Counter
    # ======================
    "counter_p1": np.array([
        [-1.58511592, -0.71332374,  1.17837939,  1.3652371 ],
        [-0.29006622, -1.58334779, -1.34865539,  2.7719918 ],
        [ 1.34657729, -1.18075365,  1.09660876,  2.63152217],
        [ 0.0,         0.0,         0.0,         1.0]
    ], dtype=np.float64),

    # ======================
    # Garden
    # ======================
    "garden_p1": np.array([
        [-2.06746281, -0.05552876, -0.36402598, -0.04313992],
        [ 0.28645282, -1.54703895, -1.39090455,  1.44365869],
        [-0.23139405, -1.41900942,  1.53064371,  1.61558577],
        [ 0.0,         0.0,         0.0,         1.0]
    ], dtype=np.float64),
}
