{
  "world_view_transform": [
    [
      [
        1.0,
        0.0,
        0.0,
        0.0
      ],
      [
        0.0,
        0.0,
        1.0,
        0.0
      ],
      [
        0.0,
        -1.0,
        0.0,
        0.0
      ],
      [
        3.0536320209503174,
        -1.25,
        12.269689559936523,
        1.0
      ]
    ],
    [
      [
        0.9990766048431396,
        0.042908426374197006,
        -0.0021917764097452164,
        0.0
      ],
      [
        0.0016748501220718026,
        0.012079444713890553,
        0.9999256134033203,
        0.0
      ],
      [
        0.04293171316385269,
        -0.9990059733390808,
        0.01199642475694418,
        0.0
      ],
      [
        0.75,
        2.799999952316284,
        3.4000000953674316,
        1.0
      ]
    ],
    [
      [
        0.9990766048431396,
        0.042908426374197006,
        -0.0021917764097452164,
        0.0
      ],
      [
        0.0016748501220718026,
        0.012079444713890553,
        0.9999256134033203,
        0.0
      ],
      [
        0.04293171316385269,
        -0.9990059733390808,
        0.01199642475694418,
        0.0
      ],
      [
        1.0099999904632568,
        -3.640000104904175,
        1.409999966621399,
        1.0
      ]
    ],
    [
      [
        0.9990766048431396,
        0.042908426374197006,
        -0.0021917764097452164,
        0.0
      ],
      [
        0.0016748501220718026,
        0.012079444713890553,
        0.9999256134033203,
        0.0
      ],
      [
        0.04293171316385269,
        -0.9990059733390808,
        0.01199642475694418,
        0.0
      ],
      [
        0.1599999964237213,
        -3.109999895095825,
        2.640000104904175,
        1.0
      ]
    ],
    [
      [
        0.9990766048431396,
        0.042908426374197006,
        -0.0021917764097452164,
        0.0
      ],
      [
        0.0016748501220718026,
        0.012079444713890553,
        0.9999256134033203,
        0.0
      ],
      [
        0.04293171316385269,
        -0.9990059733390808,
        0.01199642475694418,
        0.0
      ],
      [
        0.5400000214576721,
        -2.690000057220459,
        3.950000047683716,
        1.0
      ]
    ],
    [
      [
        0.9990766048431396,
        0.042908426374197006,
        -0.0021917764097452164,
        0.0
      ],
      [
        0.0016748501220718026,
        0.012079444713890553,
        0.9999256134033203,
        0.0
      ],
      [
        0.04293171316385269,
        -0.9990059733390808,
        0.01199642475694418,
        0.0
      ],
      [
        0.07999999821186066,
        -2.319999933242798,
        4.539999961853027,
        1.0
      ]
    ],
    [
      [
        0.7041801810264587,
        -0.08357308059930801,
        0.7050856947898865,
        0.0
      ],
      [
        0.0626433789730072,
        0.9964888691902161,
        0.05554986745119095,
        0.0
      ],
      [
        -0.7072525024414062,
        0.005051835905760527,
        0.7069429755210876,
        0.0
      ],
      [
        0.07999999821186066,
        -1.3200000524520874,
        4.539999961853027,
        1.0
      ]
    ],
    [
      [
        0.9990766048431396,
        0.042908426374197006,
        -0.0021917764097452164,
        0.0
      ],
      [
        0.0016748501220718026,
        0.012079444713890553,
        0.9999256134033203,
        0.0
      ],
      [
        0.04293171316385269,
        -0.9990059733390808,
        0.01199642475694418,
        0.0
      ],
      [
        9.417491912841797,
        21.214492797851562,
        59.09465026855469,
        1.0
      ]
    ],
    [
      [
        1.0,
        0.0,
        0.0,
        0.0
      ],
      [
        0.0,
        0.0,
        1.0,
        0.0
      ],
      [
        0.0,
        -1.0,
        0.0,
        0.0
      ],
      [
        0.07999999821186066,
        -1.3200000524520874,
        4.539999961853027,
        1.0
      ]
    ],
    [
      [
        1.0,
        0.0,
        0.0,
        0.0
      ],
      [
        0.0,
        0.0,
        1.0,
        0.0
      ],
      [
        0.0,
        -1.0,
        0.0,
        0.0
      ],
      [
        3.0536320209503174,
        0.0,
        11.269689559936523,
        1.0
      ]
    ],
    [
      [
        0.9990766048431396,
        0.042908426374197006,
        -0.0021917764097452164,
        0.0
      ],
      [
        0.0016748501220718026,
        0.012079444713890553,
        0.9999256134033203,
        0.0
      ],
      [
        0.04293171316385269,
        -0.9990059733390808,
        0.01199642475694418,
        0.0
      ],
      [
        9.195311546325684,
        21.478252410888672,
        59.09465026855469,
        1.0
      ]
    ],
    [
      [
        0.9990766048431396,
        0.042908426374197006,
        -0.0021917764097452164,
        0.0
      ],
      [
        0.0016748501220718026,
        0.012079444713890553,
        0.9999256134033203,
        0.0
      ],
      [
        0.04293171316385269,
        -0.9990059733390808,
        0.01199642475694418,
        0.0
      ],
      [
        9.128193855285645,
        21.518264770507812,
        59.09465026855469,
        1.0
      ]
    ],
    [
      [
        0.9990766048431396,
        0.042908426374197006,
        -0.0021917764097452164,
        0.0
      ],
      [
        0.0016748501220718026,
        0.012079444713890553,
        0.9999256134033203,
        0.0
      ],
      [
        0.04293171316385269,
        -0.9990059733390808,
        0.01199642475694418,
        0.0
      ],
      [
        9.078925132751465,
        21.58927345275879,
        59.09465026855469,
        1.0
      ]
    ],
    [
      [
        0.9990766048431396,
        0.042908426374197006,
        -0.0021917764097452164,
        0.0
      ],
      [
        0.0016748501220718026,
        0.012079444713890553,
        0.9999256134033203,
        0.0
      ],
      [
        0.04293171316385269,
        -0.9990059733390808,
        0.01199642475694418,
        0.0
      ],
      [
        8.988264083862305,
        21.62381362915039,
        59.09465026855469,
        1.0
      ]
    ],
    [
      [
        0.9990766048431396,
        0.042908426374197006,
        -0.0021917764097452164,
        0.0
      ],
      [
        0.0016748501220718026,
        0.012079444713890553,
        0.9999256134033203,
        0.0
      ],
      [
        0.04293171316385269,
        -0.9990059733390808,
        0.01199642475694418,
        0.0
      ],
      [
        8.856191635131836,
        21.71562385559082,
        59.09465026855469,
        1.0
      ]
    ],
    [
      [
        0.9990766048431396,
        0.042908426374197006,
        -0.0021917764097452164,
        0.0
      ],
      [
        0.0016748501220718026,
        0.012079444713890553,
        0.9999256134033203,
        0.0
      ],
      [
        0.04293171316385269,
        -0.9990059733390808,
        0.01199642475694418,
        0.0
      ],
      [
        8.817941665649414,
        21.78274154663086,
        59.09465026855469,
        1.0
      ]
    ],
    [
      [
        0.9990766048431396,
        0.042908426374197006,
        -0.0021917764097452164,
        0.0
      ],
      [
        0.0016748501220718026,
        0.012079444713890553,
        0.9999256134033203,
        0.0
      ],
      [
        0.04293171316385269,
        -0.9990059733390808,
        0.01199642475694418,
        0.0
      ],
      [
        8.792649269104004,
        21.816282272338867,
        59.09465026855469,
        1.0
      ]
    ],
    [
      [
        0.9990766048431396,
        0.042908426374197006,
        -0.0021917764097452164,
        0.0
      ],
      [
        0.0016748501220718026,
        0.012079444713890553,
        0.9999256134033203,
        0.0
      ],
      [
        0.04293171316385269,
        -0.9990059733390808,
        0.01199642475694418,
        0.0
      ],
      [
        8.719732284545898,
        21.889020919799805,
        59.09465026855469,
        1.0
      ]
    ],
    [
      [
        0.9990766048431396,
        0.042908426374197006,
        -0.0021917764097452164,
        0.0
      ],
      [
        0.0016748501220718026,
        0.012079444713890553,
        0.9999256134033203,
        0.0
      ],
      [
        0.04293171316385269,
        -0.9990059733390808,
        0.01199642475694418,
        0.0
      ],
      [
        8.615723609924316,
        22.0782527923584,
        59.09465026855469,
        1.0
      ]
    ],
    [
      [
        0.9990766048431396,
        0.042908426374197006,
        -0.0021917764097452164,
        0.0
      ],
      [
        0.0016748501220718026,
        0.012079444713890553,
        0.9999256134033203,
        0.0
      ],
      [
        0.04293171316385269,
        -0.9990059733390808,
        0.01199642475694418,
        0.0
      ],
      [
        8.575723648071289,
        22.158252716064453,
        59.09465026855469,
        1.0
      ]
    ],
    [
      [
        0.9990766048431396,
        0.042908426374197006,
        -0.0021917764097452164,
        0.0
      ],
      [
        0.0016748501220718026,
        0.012079444713890553,
        0.9999256134033203,
        0.0
      ],
      [
        0.04293171316385269,
        -0.9990059733390808,
        0.01199642475694418,
        0.0
      ],
      [
        8.50572395324707,
        22.21078109741211,
        59.09465026855469,
        1.0
      ]
    ],
    [
      [
        0.9990766048431396,
        0.042908426374197006,
        -0.0021917764097452164,
        0.0
      ],
      [
        0.0016748501220718026,
        0.012079444713890553,
        0.9999256134033203,
        0.0
      ],
      [
        0.04293171316385269,
        -0.9990059733390808,
        0.01199642475694418,
        0.0
      ],
      [
        8.495171546936035,
        22.31982421875,
        59.09465026855469,
        1.0
      ]
    ],
    [
      [
        0.9990766048431396,
        0.042908426374197006,
        -0.0021917764097452164,
        0.0
      ],
      [
        0.0016748501220718026,
        0.012079444713890553,
        0.9999256134033203,
        0.0
      ],
      [
        0.04293171316385269,
        -0.9990059733390808,
        0.01199642475694418,
        0.0
      ],
      [
        8.289167404174805,
        22.56715202331543,
        59.09465026855469,
        1.0
      ]
    ],
    [
      [
        0.9990766048431396,
        0.042908426374197006,
        -0.0021917764097452164,
        0.0
      ],
      [
        0.0016748501220718026,
        0.012079444713890553,
        0.9999256134033203,
        0.0
      ],
      [
        0.04293171316385269,
        -0.9990059733390808,
        0.01199642475694418,
        0.0
      ],
      [
        8.182733535766602,
        22.67263412475586,
        59.09465026855469,
        1.0
      ]
    ],
    [
      [
        0.9990766048431396,
        0.042908426374197006,
        -0.0021917764097452164,
        0.0
      ],
      [
        0.0016748501220718026,
        0.012079444713890553,
        0.9999256134033203,
        0.0
      ],
      [
        0.04293171316385269,
        -0.9990059733390808,
        0.01199642475694418,
        0.0
      ],
      [
        8.09874153137207,
        22.71625328063965,
        59.09465026855469,
        1.0
      ]
    ],
    [
      [
        0.9990766048431396,
        0.042908426374197006,
        -0.0021917764097452164,
        0.0
      ],
      [
        0.0016748501220718026,
        0.012079444713890553,
        0.9999256134033203,
        0.0
      ],
      [
        0.04293171316385269,
        -0.9990059733390808,
        0.01199642475694418,
        0.0
      ],
      [
        7.952681064605713,
        22.821826934814453,
        59.09465026855469,
        1.0
      ]
    ],
    [
      [
        0.9990766048431396,
        0.042908426374197006,
        -0.0021917764097452164,
        0.0
      ],
      [
        0.0016748501220718026,
        0.012079444713890553,
        0.9999256134033203,
        0.0
      ],
      [
        0.04293171316385269,
        -0.9990059733390808,
        0.01199642475694418,
        0.0
      ],
      [
        7.718273162841797,
        23.87253189086914,
        59.09465026855469,
        1.0
      ]
    ],
    [
      [
        0.9990766048431396,
        0.042908426374197006,
        -0.0021917764097452164,
        0.0
      ],
      [
        0.0016748501220718026,
        0.012079444713890553,
        0.9999256134033203,
        0.0
      ],
      [
        0.04293171316385269,
        -0.9990059733390808,
        0.01199642475694418,
        0.0
      ],
      [
        7.6728339195251465,
        23.982633590698242,
        59.09465026855469,
        1.0
      ]
    ],
    [
      [
        0.9990766048431396,
        0.042908426374197006,
        -0.0021917764097452164,
        0.0
      ],
      [
        0.0016748501220718026,
        0.012079444713890553,
        0.9999256134033203,
        0.0
      ],
      [
        0.04293171316385269,
        -0.9990059733390808,
        0.01199642475694418,
        0.0
      ],
      [
        7.567234039306641,
        24.827634811401367,
        59.09465026855469,
        1.0
      ]
    ],
    [
      [
        0.9990766048431396,
        0.042908426374197006,
        -0.0021917764097452164,
        0.0
      ],
      [
        0.0016748501220718026,
        0.012079444713890553,
        0.9999256134033203,
        0.0
      ],
      [
        0.04293171316385269,
        -0.9990059733390808,
        0.01199642475694418,
        0.0
      ],
      [
        7.468293190002441,
        24.91627311706543,
        59.09465026855469,
        1.0
      ]
    ],
    [
      [
        0.9990766048431396,
        0.042908426374197006,
        -0.0021917764097452164,
        0.0
      ],
      [
        0.0016748501220718026,
        0.012079444713890553,
        0.9999256134033203,
        0.0
      ],
      [
        0.04293171316385269,
        -0.9990059733390808,
        0.01199642475694418,
        0.0
      ],
      [
        7.2189459800720215,
        25.281932830810547,
        59.09465026855469,
        1.0
      ]
    ],
    [
      [
        0.9990766048431396,
        0.042908426374197006,
        -0.0021917764097452164,
        0.0
      ],
      [
        0.0016748501220718026,
        0.012079444713890553,
        0.9999256134033203,
        0.0
      ],
      [
        0.04293171316385269,
        -0.9990059733390808,
        0.01199642475694418,
        0.0
      ],
      [
        7.189273834228516,
        25.39826011657715,
        59.09465026855469,
        1.0
      ]
    ]
  ],
  "c2w": [
    [
      [
        1.0,
        0.0,
        0.0,
        -3.0536320209503174
      ],
      [
        0.0,
        0.0,
        1.0,
        -12.269689559936523
      ],
      [
        -0.0,
        -1.0,
        -0.0,
        -1.25
      ],
      [
        0.0,
        0.0,
        0.0,
        1.0
      ]
    ],
    [
      [
        0.9990766048431396,
        0.042908430099487305,
        -0.00219177664257586,
        -0.8619990348815918
      ],
      [
        0.0016748501220718026,
        0.012079444713890553,
        0.9999256730079651,
        -3.434825897216797
      ],
      [
        0.04293171316385269,
        -0.9990059733390808,
        0.011996425688266754,
        2.7242300510406494
      ],
      [
        0.0,
        0.0,
        0.0,
        1.0
      ]
    ],
    [
      [
        0.9990766048431396,
        0.042908430099487305,
        -0.00219177664257586,
        -0.8497902750968933
      ],
      [
        0.0016748501220718026,
        0.012079444713890553,
        0.9999256730079651,
        -1.3676176071166992
      ],
      [
        0.04293171316385269,
        -0.9990059733390808,
        0.011996425688266754,
        -3.69665789604187
      ],
      [
        0.0,
        0.0,
        0.0,
        1.0
      ]
    ],
    [
      [
        0.9990766048431396,
        0.042908430099487305,
        -0.00219177664257586,
        -0.02062075398862362
      ],
      [
        0.0016748501220718026,
        0.012079444713890553,
        0.9999256730079651,
        -2.6025047302246094
      ],
      [
        0.04293171316385269,
        -0.9990059733390808,
        0.011996425688266754,
        -3.1454482078552246
      ],
      [
        0.0,
        0.0,
        0.0,
        1.0
      ]
    ],
    [
      [
        0.9990766048431396,
        0.042908430099487305,
        -0.00219177664257586,
        -0.41542020440101624
      ],
      [
        0.0016748501220718026,
        0.012079444713890553,
        0.9999256730079651,
        -3.918117046356201
      ],
      [
        0.04293171316385269,
        -0.9990059733390808,
        0.011996425688266754,
        -2.7578952312469482
      ],
      [
        0.0,
        0.0,
        0.0,
        1.0
      ]
    ],
    [
      [
        0.9990766048431396,
        0.042908430099487305,
        -0.00219177664257586,
        0.02957209199666977
      ],
      [
        0.0016748501220718026,
        0.012079444713890553,
        0.9999256730079651,
        -4.511772155761719
      ],
      [
        0.04293171316385269,
        -0.9990059733390808,
        0.011996425688266754,
        -2.3755922317504883
      ],
      [
        0.0,
        0.0,
        0.0,
        1.0
      ]
    ],
    [
      [
        0.7041801810264587,
        -0.08357307314872742,
        0.7050856947898865,
        -3.3677399158477783
      ],
      [
        0.0626433789730072,
        0.9964888095855713,
        0.05554986745119095,
        1.0581574440002441
      ],
      [
        -0.7072525024414062,
        0.005051834508776665,
        0.7069429755210876,
        -3.1462724208831787
      ],
      [
        0.0,
        0.0,
        0.0,
        1.0
      ]
    ],
    [
      [
        0.9990766048431396,
        0.042908430099487305,
        -0.00219177664257586,
        -10.189554214477539
      ],
      [
        0.0016748501220718026,
        0.012079444713890553,
        0.9999256730079651,
        -59.36228942871094
      ],
      [
        0.04293171316385269,
        -0.9990059733390808,
        0.011996425688266754,
        20.080171585083008
      ],
      [
        0.0,
        0.0,
        0.0,
        1.0
      ]
    ],
    [
      [
        1.0,
        0.0,
        0.0,
        -0.07999999821186066
      ],
      [
        0.0,
        0.0,
        1.0,
        -4.539999961853027
      ],
      [
        -0.0,
        -1.0,
        -0.0,
        -1.3200000524520874
      ],
      [
        0.0,
        0.0,
        0.0,
        1.0
      ]
    ],
    [
      [
        1.0,
        0.0,
        0.0,
        -3.0536320209503174
      ],
      [
        0.0,
        0.0,
        1.0,
        -11.269689559936523
      ],
      [
        -0.0,
        -1.0,
        -0.0,
        -0.0
      ],
      [
        0.0,
        0.0,
        0.0,
        1.0
      ]
    ],
    [
      [
        0.9990766048431396,
        0.042908430099487305,
        -0.00219177664257586,
        -9.978896141052246
      ],
      [
        0.0016748501220718026,
        0.012079444713890553,
        0.9999256730079651,
        -59.36510467529297
      ],
      [
        0.04293171316385269,
        -0.9990059733390808,
        0.011996425688266754,
        20.353208541870117
      ],
      [
        0.0,
        0.0,
        0.0,
        1.0
      ]
    ],
    [
      [
        0.9990766048431396,
        0.042908430099487305,
        -0.00219177664257586,
        -9.913558006286621
      ],
      [
        0.0016748501220718026,
        0.012079444713890553,
        0.9999256730079651,
        -59.365474700927734
      ],
      [
        0.04293171316385269,
        -0.9990059733390808,
        0.011996425688266754,
        20.396060943603516
      ],
      [
        0.0,
        0.0,
        0.0,
        1.0
      ]
    ],
    [
      [
        0.9990766048431396,
        0.042908430099487305,
        -0.00219177664257586,
        -9.86738109588623
      ],
      [
        0.0016748501220718026,
        0.012079444713890553,
        0.9999256730079651,
        -59.366249084472656
      ],
      [
        0.04293171316385269,
        -0.9990059733390808,
        0.011996425688266754,
        20.469114303588867
      ],
      [
        0.0,
        0.0,
        0.0,
        1.0
      ]
    ],
    [
      [
        0.9990766048431396,
        0.042908430099487305,
        -0.00219177664257586,
        -9.77828598022461
      ],
      [
        0.0016748501220718026,
        0.012079444713890553,
        0.9999256730079651,
        -59.36651611328125
      ],
      [
        0.04293171316385269,
        -0.9990059733390808,
        0.011996425688266754,
        20.50751304626465
      ],
      [
        0.0,
        0.0,
        0.0,
        1.0
      ]
    ],
    [
      [
        0.9990766048431396,
        0.042908430099487305,
        -0.00219177664257586,
        -9.650275230407715
      ],
      [
        0.0016748501220718026,
        0.012079444713890553,
        0.9999256730079651,
        -59.367401123046875
      ],
      [
        0.04293171316385269,
        -0.9990059733390808,
        0.011996425688266754,
        20.604902267456055
      ],
      [
        0.0,
        0.0,
        0.0,
        1.0
      ]
    ],
    [
      [
        0.9990766048431396,
        0.042908430099487305,
        -0.00219177664257586,
        -9.614940643310547
      ],
      [
        0.0016748501220718026,
        0.012079444713890553,
        0.9999256730079651,
        -59.36814880371094
      ],
      [
        0.04293171316385269,
        -0.9990059733390808,
        0.011996425688266754,
        20.673595428466797
      ],
      [
        0.0,
        0.0,
        0.0,
        1.0
      ]
    ],
    [
      [
        0.9990766048431396,
        0.042908430099487305,
        -0.00219177664257586,
        -9.591110229492188
      ],
      [
        0.0016748501220718026,
        0.012079444713890553,
        0.9999256730079651,
        -59.36851119995117
      ],
      [
        0.04293171316385269,
        -0.9990059733390808,
        0.011996425688266754,
        20.708189010620117
      ],
      [
        0.0,
        0.0,
        0.0,
        1.0
      ]
    ],
    [
      [
        0.9990766048431396,
        0.042908430099487305,
        -0.00219177664257586,
        -9.521381378173828
      ],
      [
        0.0016748501220718026,
        0.012079444713890553,
        0.9999256730079651,
        -59.36927032470703
      ],
      [
        0.04293171316385269,
        -0.9990059733390808,
        0.011996425688266754,
        20.783985137939453
      ],
      [
        0.0,
        0.0,
        0.0,
        1.0
      ]
    ],
    [
      [
        0.9990766048431396,
        0.042908430099487305,
        -0.00219177664257586,
        -9.425588607788086
      ],
      [
        0.0016748501220718026,
        0.012079444713890553,
        0.9999256730079651,
        -59.37137985229492
      ],
      [
        0.04293171316385269,
        -0.9990059733390808,
        0.011996425688266754,
        20.977495193481445
      ],
      [
        0.0,
        0.0,
        0.0,
        1.0
      ]
    ],
    [
      [
        0.9990766048431396,
        0.042908430099487305,
        -0.00219177664257586,
        -9.389058113098145
      ],
      [
        0.0016748501220718026,
        0.012079444713890553,
        0.9999256730079651,
        -59.37228012084961
      ],
      [
        0.04293171316385269,
        -0.9990059733390808,
        0.011996425688266754,
        21.059131622314453
      ],
      [
        0.0,
        0.0,
        0.0,
        1.0
      ]
    ],
    [
      [
        0.9990766048431396,
        0.042908430099487305,
        -0.00219177664257586,
        -9.32137680053711
      ],
      [
        0.0016748501220718026,
        0.012079444713890553,
        0.9999256730079651,
        -59.372798919677734
      ],
      [
        0.04293171316385269,
        -0.9990059733390808,
        0.011996425688266754,
        21.114614486694336
      ],
      [
        0.0,
        0.0,
        0.0,
        1.0
      ]
    ],
    [
      [
        0.9990766048431396,
        0.042908430099487305,
        -0.00219177664257586,
        -9.315513610839844
      ],
      [
        0.0016748501220718026,
        0.012079444713890553,
        0.9999256730079651,
        -59.37409591674805
      ],
      [
        0.04293171316385269,
        -0.9990059733390808,
        0.011996425688266754,
        21.224000930786133
      ],
      [
        0.0,
        0.0,
        0.0,
        1.0
      ]
    ],
    [
      [
        0.9990766048431396,
        0.042908430099487305,
        -0.00219177664257586,
        -9.120311737060547
      ],
      [
        0.0016748501220718026,
        0.012079444713890553,
        0.9999256730079651,
        -59.376739501953125
      ],
      [
        0.04293171316385269,
        -0.9990059733390808,
        0.011996425688266754,
        21.47992706298828
      ],
      [
        0.0,
        0.0,
        0.0,
        1.0
      ]
    ],
    [
      [
        0.9990766048431396,
        0.042908430099487305,
        -0.00219177664257586,
        -9.018502235412598
      ],
      [
        0.0016748501220718026,
        0.012079444713890553,
        0.9999256730079651,
        -59.37783432006836
      ],
      [
        0.04293171316385269,
        -0.9990059733390808,
        0.011996425688266754,
        21.589874267578125
      ],
      [
        0.0,
        0.0,
        0.0,
        1.0
      ]
    ],
    [
      [
        0.9990766048431396,
        0.042908430099487305,
        -0.00219177664257586,
        -8.9364595413208
      ],
      [
        0.0016748501220718026,
        0.012079444713890553,
        0.9999256730079651,
        -59.37821960449219
      ],
      [
        0.04293171316385269,
        -0.9990059733390808,
        0.011996425688266754,
        21.637056350708008
      ],
      [
        0.0,
        0.0,
        0.0,
        1.0
      ]
    ],
    [
      [
        0.9990766048431396,
        0.042908430099487305,
        -0.00219177664257586,
        -8.795063972473145
      ],
      [
        0.0016748501220718026,
        0.012079444713890553,
        0.9999256730079651,
        -59.37925338745117
      ],
      [
        0.04293171316385269,
        -0.9990059733390808,
        0.011996425688266754,
        21.748794555664062
      ],
      [
        0.0,
        0.0,
        0.0,
        1.0
      ]
    ],
    [
      [
        0.9990766048431396,
        0.042908430099487305,
        -0.00219177664257586,
        -8.60595703125
      ],
      [
        0.0016748501220718026,
        0.012079444713890553,
        0.9999256730079651,
        -59.39155197143555
      ],
      [
        0.04293171316385269,
        -0.9990059733390808,
        0.011996425688266754,
        22.80851936340332
      ],
      [
        0.0,
        0.0,
        0.0,
        1.0
      ]
    ],
    [
      [
        0.9990766048431396,
        0.042908430099487305,
        -0.00219177664257586,
        -8.56528377532959
      ],
      [
        0.0016748501220718026,
        0.012079444713890553,
        0.9999256730079651,
        -59.39280319213867
      ],
      [
        0.04293171316385269,
        -0.9990059733390808,
        0.011996425688266754,
        22.920461654663086
      ],
      [
        0.0,
        0.0,
        0.0,
        1.0
      ]
    ],
    [
      [
        0.9990766048431396,
        0.042908430099487305,
        -0.00219177664257586,
        -8.496039390563965
      ],
      [
        0.0016748501220718026,
        0.012079444713890553,
        0.9999256730079651,
        -59.402835845947266
      ],
      [
        0.04293171316385269,
        -0.9990059733390808,
        0.011996425688266754,
        23.76915740966797
      ],
      [
        0.0,
        0.0,
        0.0,
        1.0
      ]
    ],
    [
      [
        0.9990766048431396,
        0.042908430099487305,
        -0.00219177664257586,
        -8.400992393493652
      ],
      [
        0.0016748501220718026,
        0.012079444713890553,
        0.9999256730079651,
        -59.40373992919922
      ],
      [
        0.04293171316385269,
        -0.9990059733390808,
        0.011996425688266754,
        23.861955642700195
      ],
      [
        0.0,
        0.0,
        0.0,
        1.0
      ]
    ],
    [
      [
        0.9990766048431396,
        0.042908430099487305,
        -0.00219177664257586,
        -8.16756534576416
      ],
      [
        0.0016748501220718026,
        0.012079444713890553,
        0.9999256730079651,
        -59.40774154663086
      ],
      [
        0.04293171316385269,
        -0.9990059733390808,
        0.011996425688266754,
        24.237957000732422
      ],
      [
        0.0,
        0.0,
        0.0,
        1.0
      ]
    ],
    [
      [
        0.9990766048431396,
        0.042908430099487305,
        -0.00219177664257586,
        -8.142912864685059
      ],
      [
        0.0016748501220718026,
        0.012079444713890553,
        0.9999256730079651,
        -59.409095764160156
      ],
      [
        0.04293171316385269,
        -0.9990059733390808,
        0.011996425688266754,
        24.35544204711914
      ],
      [
        0.0,
        0.0,
        0.0,
        1.0
      ]
    ]
  ],
  "full_proj_transform": [
    [
      [
        1.6455811262130737,
        0.0,
        0.0,
        0.0
      ],
      [
        0.0,
        0.0,
        1.000100016593933,
        1.0
      ],
      [
        0.0,
        -2.5004632472991943,
        0.0,
        0.0
      ],
      [
        5.024999141693115,
        -3.1255791187286377,
        12.260915756225586,
        12.269689559936523
      ]
    ],
    [
      [
        1.64406156539917,
        0.10729094594717026,
        -0.0021919957362115383,
        -0.0021917764097452164
      ],
      [
        0.0027561017777770758,
        0.030204206705093384,
        1.0000256299972534,
        0.9999256134033203
      ],
      [
        0.07064761966466904,
        -2.4979777336120605,
        0.011997624300420284,
        0.01199642475694418
      ],
      [
        1.234185814857483,
        7.0012969970703125,
        3.3903391361236572,
        3.4000000953674316
      ]
    ],
    [
      [
        1.64406156539917,
        0.10729094594717026,
        -0.0021919957362115383,
        -0.0021917764097452164
      ],
      [
        0.0027561017777770758,
        0.030204206705093384,
        1.0000256299972534,
        0.9999256134033203
      ],
      [
        0.07064761966466904,
        -2.4979777336120605,
        0.011997624300420284,
        0.01199642475694418
      ],
      [
        1.6620368957519531,
        -9.101686477661133,
        1.4001400470733643,
        1.409999966621399
      ]
    ],
    [
      [
        1.64406156539917,
        0.10729094594717026,
        -0.0021919957362115383,
        -0.0021917764097452164
      ],
      [
        0.0027561017777770758,
        0.030204206705093384,
        1.0000256299972534,
        0.9999256134033203
      ],
      [
        0.07064761966466904,
        -2.4979777336120605,
        0.011997624300420284,
        0.01199642475694418
      ],
      [
        0.26329296827316284,
        -7.776440620422363,
        2.630263090133667,
        2.640000104904175
      ]
    ],
    [
      [
        1.64406156539917,
        0.10729094594717026,
        -0.0021919957362115383,
        -0.0021917764097452164
      ],
      [
        0.0027561017777770758,
        0.030204206705093384,
        1.0000256299972534,
        0.9999256134033203
      ],
      [
        0.07064761966466904,
        -2.4979777336120605,
        0.011997624300420284,
        0.01199642475694418
      ],
      [
        0.8886138200759888,
        -6.726246356964111,
        3.940394163131714,
        3.950000047683716
      ]
    ],
    [
      [
        1.64406156539917,
        0.10729094594717026,
        -0.0021919957362115383,
        -0.0021917764097452164
      ],
      [
        0.0027561017777770758,
        0.030204206705093384,
        1.0000256299972534,
        0.9999256134033203
      ],
      [
        0.07064761966466904,
        -2.4979777336120605,
        0.011997624300420284,
        0.01199642475694418
      ],
      [
        0.13164648413658142,
        -5.801074504852295,
        4.530452728271484,
        4.539999961853027
      ]
    ],
    [
      [
        1.1587855815887451,
        -0.20897141098976135,
        0.7051562070846558,
        0.7050856947898865
      ],
      [
        0.10308476537466049,
        2.4916837215423584,
        0.055555421859025955,
        0.05554986745119095
      ],
      [
        -1.1638413667678833,
        0.012631930410861969,
        0.7070136666297913,
        0.7069429755210876
      ],
      [
        0.13164648413658142,
        -3.300611734390259,
        4.530452728271484,
        4.539999961853027
      ]
    ],
    [
      [
        1.64406156539917,
        0.10729094594717026,
        -0.0021919957362115383,
        -0.0021917764097452164
      ],
      [
        0.0027561017777770758,
        0.030204206705093384,
        1.0000256299972534,
        0.9999256134033203
      ],
      [
        0.07064761966466904,
        -2.4979777336120605,
        0.011997624300420284,
        0.01199642475694418
      ],
      [
        15.497246742248535,
        53.046058654785156,
        59.09055709838867,
        59.09465026855469
      ]
    ],
    [
      [
        1.6455811262130737,
        0.0,
        0.0,
        0.0
      ],
      [
        0.0,
        0.0,
        1.000100016593933,
        1.0
      ],
      [
        0.0,
        -2.5004632472991943,
        0.0,
        0.0
      ],
      [
        0.13164648413658142,
        -3.300611734390259,
        4.530452728271484,
        4.539999961853027
      ]
    ],
    [
      [
        1.6455811262130737,
        0.0,
        0.0,
        0.0
      ],
      [
        0.0,
        0.0,
        1.000100016593933,
        1.0
      ],
      [
        0.0,
        -2.5004632472991943,
        0.0,
        0.0
      ],
      [
        5.024999141693115,
        0.0,
        11.260815620422363,
        11.269689559936523
      ]
    ],
    [
      [
        1.64406156539917,
        0.10729094594717026,
        -0.0021919957362115383,
        -0.0021917764097452164
      ],
      [
        0.0027561017777770758,
        0.030204206705093384,
        1.0000256299972534,
        0.9999256134033203
      ],
      [
        0.07064761966466904,
        -2.4979777336120605,
        0.011997624300420284,
        0.01199642475694418
      ],
      [
        15.131630897521973,
        53.70558166503906,
        59.09055709838867,
        59.09465026855469
      ]
    ],
    [
      [
        1.64406156539917,
        0.10729094594717026,
        -0.0021919957362115383,
        -0.0021917764097452164
      ],
      [
        0.0027561017777770758,
        0.030204206705093384,
        1.0000256299972534,
        0.9999256134033203
      ],
      [
        0.07064761966466904,
        -2.4979777336120605,
        0.011997624300420284,
        0.01199642475694418
      ],
      [
        15.021183967590332,
        53.80562973022461,
        59.09055709838867,
        59.09465026855469
      ]
    ],
    [
      [
        1.64406156539917,
        0.10729094594717026,
        -0.0021919957362115383,
        -0.0021917764097452164
      ],
      [
        0.0027561017777770758,
        0.030204206705093384,
        1.0000256299972534,
        0.9999256134033203
      ],
      [
        0.07064761966466904,
        -2.4979777336120605,
        0.011997624300420284,
        0.01199642475694418
      ],
      [
        14.940108299255371,
        53.983184814453125,
        59.09055709838867,
        59.09465026855469
      ]
    ],
    [
      [
        1.64406156539917,
        0.10729094594717026,
        -0.0021919957362115383,
        -0.0021917764097452164
      ],
      [
        0.0027561017777770758,
        0.030204206705093384,
        1.0000256299972534,
        0.9999256134033203
      ],
      [
        0.07064761966466904,
        -2.4979777336120605,
        0.011997624300420284,
        0.01199642475694418
      ],
      [
        14.79091739654541,
        54.069549560546875,
        59.09055709838867,
        59.09465026855469
      ]
    ],
    [
      [
        1.64406156539917,
        0.10729094594717026,
        -0.0021919957362115383,
        -0.0021917764097452164
      ],
      [
        0.0027561017777770758,
        0.030204206705093384,
        1.0000256299972534,
        0.9999256134033203
      ],
      [
        0.07064761966466904,
        -2.4979777336120605,
        0.011997624300420284,
        0.01199642475694418
      ],
      [
        14.57358169555664,
        54.29911804199219,
        59.09055709838867,
        59.09465026855469
      ]
    ],
    [
      [
        1.64406156539917,
        0.10729094594717026,
        -0.0021919957362115383,
        -0.0021917764097452164
      ],
      [
        0.0027561017777770758,
        0.030204206705093384,
        1.0000256299972534,
        0.9999256134033203
      ],
      [
        0.07064761966466904,
        -2.4979777336120605,
        0.011997624300420284,
        0.01199642475694418
      ],
      [
        14.510638236999512,
        54.46694564819336,
        59.09055709838867,
        59.09465026855469
      ]
    ],
    [
      [
        1.64406156539917,
        0.10729094594717026,
        -0.0021919957362115383,
        -0.0021917764097452164
      ],
      [
        0.0027561017777770758,
        0.030204206705093384,
        1.0000256299972534,
        0.9999256134033203
      ],
      [
        0.07064761966466904,
        -2.4979777336120605,
        0.011997624300420284,
        0.01199642475694418
      ],
      [
        14.46901798248291,
        54.550811767578125,
        59.09055709838867,
        59.09465026855469
      ]
    ],
    [
      [
        1.64406156539917,
        0.10729094594717026,
        -0.0021919957362115383,
        -0.0021917764097452164
      ],
      [
        0.0027561017777770758,
        0.030204206705093384,
        1.0000256299972534,
        0.9999256134033203
      ],
      [
        0.07064761966466904,
        -2.4979777336120605,
        0.011997624300420284,
        0.01199642475694418
      ],
      [
        14.349026679992676,
        54.73269271850586,
        59.09055709838867,
        59.09465026855469
      ]
    ],
    [
      [
        1.64406156539917,
        0.10729094594717026,
        -0.0021919957362115383,
        -0.0021917764097452164
      ],
      [
        0.0027561017777770758,
        0.030204206705093384,
        1.0000256299972534,
        0.9999256134033203
      ],
      [
        0.07064761966466904,
        -2.4979777336120605,
        0.011997624300420284,
        0.01199642475694418
      ],
      [
        14.177871704101562,
        55.20586013793945,
        59.09055709838867,
        59.09465026855469
      ]
    ],
    [
      [
        1.64406156539917,
        0.10729094594717026,
        -0.0021919957362115383,
        -0.0021917764097452164
      ],
      [
        0.0027561017777770758,
        0.030204206705093384,
        1.0000256299972534,
        0.9999256134033203
      ],
      [
        0.07064761966466904,
        -2.4979777336120605,
        0.011997624300420284,
        0.01199642475694418
      ],
      [
        14.112049102783203,
        55.4058952331543,
        59.09055709838867,
        59.09465026855469
      ]
    ],
    [
      [
        1.64406156539917,
        0.10729094594717026,
